标准音：D4^5 = 220*2^(65/164) Hz ≈ 289.56 Hz

时刻	格子图（低音）	格子图（和弦）	和弦图（低音）	和弦图（和弦）	注释
480	(2, 0, 0, -1)	{(1, 0, 0, 0), (2, 0, 0, -1), (3, 0, 0, -1), (4, 0, 0, -1)}
1200	(3, 0, 0, -1)	{(2, 0, 0, -1), (3, 0, 0, -1), (4, 0, 0, -1)}
2160	(1, 0, 0, -1)	{(0, 0, 0, 0), (1, 0, 0, -1), (2, 0, 0, -1), (3, 0, 0, -1)}
3120	(0, 0, 0, -1)	{(0, 0, 0, -1), (0, 0, 0, 0), (1, 0, 0, -1), (2, 0, 0, -1), (3, 0, 0, -1)}
4080	(-2, 0, 0, 0)	{(-3, 0, 0, 1), (-2, 0, 0, 0), (-1, 0, 0, 0), (0, 0, 0, 0)}
5040	(0, 0, 0, -1)	{(-1, 0, 0, 0), (0, 0, 0, -1), (1, 0, 0, -1), (2, 0, 0, -1), (3, 0, 0, -1)}
6000	(2, 0, 0, -1)	{(1, 0, 0, 0), (2, 0, 0, -1), (3, 0, 0, -1), (4, 0, 0, -1)}
6960	(-2, 0, 0, 0)	{(-3, 0, 0, 1), (-2, 0, 0, 0), (-2, 0, 0, 1), (-1, 0, 0, 0), (0, 0, 0, 0)}
7680	(0, 0, 0, 0)	{(0, 0, 0, 0), (1, 0, 0, 0), (2, 0, 0, -1), (3, 0, 0, -1)}
8160	(1, 0, 0, -1)	{(1, 0, 0, -1), (2, 0, 0, -1), (3, 0, 0, -1), (4, 0, 0, -1)}
8880	(3, 0, 0, -1)	{(2, 0, 0, -1), (3, 0, 0, -1), (4, 0, 0, -1)}
9840	(4, 0, 0, -1)	{(0, 0, 0, 0), (1, 0, 0, -1), (2, 0, 0, -1), (3, 0, 0, -1), (4, 0, 0, -1)}
10320	(2, 0, 0, -1)	{(0, 0, 0, 0), (1, 0, 0, -1), (2, 0, 0, -1), (3, 0, 0, -1)}
10800	(0, 0, 0, -1)	{(0, 0, 0, -1), (0, 0, 0, 0), (1, 0, 0, -1), (2, 0, 0, -1), (3, 0, 0, -1), (4, 0, 0, -1)}
11760	(-1, 0, 0, 0)	{(-2, 0, 0, 1), (-1, 0, 0, 0), (0, 0, 0, 0)}
12720	(1, 0, 0, 0)	{(-2, 0, 0, 1), (0, 0, 0, 0), (1, 0, 0, 0), (2, 0, 0, 0)}
13680	(2, 0, 0, -1)	{(1, 0, 0, 0), (2, 0, 0, -1), (3, 0, 0, -1), (4, 0, 0, -1)}
15600	(1, 0, 0, -1)	{(1, 0, 0, -1), (2, 0, 0, -1), (3, 0, 0, -1), (4, 0, 0, -1)}
16560	(-1, 0, 0, 0)	{(-2, 0, 0, 1), (-1, 0, 0, 0), (-1, 0, 0, 1), (1, 0, 0, 0)}
17760	(0, 0, 0, 0)	{(-1, 0, 0, 1), (0, 0, 0, 0), (1, 0, 0, 0), (2, 0, 0, 0)}	1	(1, 3, 11/3, 9)
18480	(2, 0, 0, 0)	{(0, 0, 0, 0), (1, 0, 0, 0), (2, 0, 0, 0)}	9	(1/9, 1/3, 1)
19440	(-1, 0, 0, 0)	{(-2, 0, 0, 1), (-1, 0, 0, 0), (0, 0, 0, 0), (1, 0, 0, 0)}	1/3	(1, 3, 11/3, 9)
21360	(-3, 0, 0, 1)	{(-4, 0, 0, 2), (-3, 0, 0, 1), (-3, 0, 0, 2), (-1, 0, 0, 1)}	11/27	(1, 11/3, 9, 11)
22320	(-4, 0, 0, 1)	{(-5, 0, 0, 2), (-4, 0, 0, 1), (-3, 0, 0, 1), (-2, 0, 0, 1), (-1, 0, 0, 1)}	11/81	(1, 3, 11/3, 9, 27)
23280	(-2, 0, 0, 0)	{(-2, 0, 0, 0), (-2, 0, 0, 1), (-1, 0, 0, 0), (0, 0, 0, 0), (1, 0, 0, 0)}	1/9	(1, 3, 9, 11, 27)
24240	(-1, 0, 0, 0)	{(-1, 0, 0, 0), (0, 0, 0, 0), (1, 0, 0, 0), (2, 0, 0, 0)}	1/3	(1, 3, 9, 27)
24720	(1, 0, 0, 0)	{(-2, 0, 0, 1), (-1, 0, 0, 0), (0, 0, 0, 0), (1, 0, 0, 0)}	3	(1/9, 1/3, 11/27, 1)
25440	(0, 0, 0, 0)	{(-1, 0, 0, 1), (0, 0, 0, 0), (1, 0, 0, 0), (2, 0, 0, 0)}	1	(1, 3, 11/3, 9)
26160	(2, 0, 0, 0)	{(0, 0, 0, 0), (1, 0, 0, 0), (2, 0, 0, 0)}	9	(1/9, 1/3, 1)
27120	(1, 0, 0, 0)	{(-2, 0, 0, 1), (-1, 0, 0, 0), (0, 0, 0, 0), (1, 0, 0, 0), (3, 0, 0, 0)}	3	(1/9, 1/3, 11/27, 1, 9)
28080	(-3, 0, 0, 1)	{(-3, 0, 0, 1), (-3, 0, 0, 2), (-2, 0, 0, 1), (-1, 0, 0, 1), (0, 0, 0, 1)}	11/27	(1, 3, 9, 11, 27)
29040	(-3, 0, 0, 1)	{(-4, 0, 0, 2), (-3, 0, 0, 1), (-2, 0, 0, 1), (-1, 0, 0, 1)}	11/27	(1, 3, 11/3, 9)
29520	(-2, 0, 0, 1)	{(-4, 0, 0, 2), (-3, 0, 0, 1), (-2, 0, 0, 1), (-1, 0, 0, 1)}	11/9	(1/3, 1, 11/9, 3)
30000	(-4, 0, 0, 1)	{(-5, 0, 0, 2), (-4, 0, 0, 1), (-3, 0, 0, 1), (-2, 0, 0, 1)}	11/81	(1, 3, 11/3, 9)
30960	(-2, 0, 0, 0)	{(-2, 0, 0, 0), (-2, 0, 0, 1), (-1, 0, 0, 0), (0, 0, 0, 0), (1, 0, 0, 0)}	1/9	(1, 3, 9, 11, 27)
31920	(-2, 0, 0, 1)	{(-3, 0, 0, 2), (-2, 0, 0, 1), (-1, 0, 0, 1), (0, 0, 0, 1)}	11/9	(1, 3, 11/3, 9)
33120	(-2, 0, 0, 0)	{(-3, 0, 0, 1), (-2, 0, 0, 0), (-1, 0, 0, 0), (0, 0, 0, 0)}	1/9	(1, 3, 11/3, 9)
36240	(0, 0, 0, 0)	{(-1, 0, 0, 1), (0, 0, 0, 0), (1, 0, 0, 0), (2, 0, 0, 0)}	1	(1, 3, 11/3, 9)
36960	(-2, 0, 0, 0)	{(-3, 0, 0, 1), (-2, 0, 0, 0), (-1, 0, 0, 0), (0, 0, 0, 0)}	1/9	(1, 3, 11/3, 9)
40080	(0, 0, 0, 0)	{(-1, 0, 0, 1), (0, 0, 0, 0), (1, 0, 0, 0), (2, 0, 0, 0)}	1	(1, 3, 11/3, 9)
40800	(2, 0, 0, 0)	{(1, 0, 0, 1), (2, 0, 0, 0), (3, 0, 0, 0), (4, 0, 0, 0)}	9	(1, 3, 11/3, 9)
43920	(4, 0, 0, 0)	{(3, 0, 0, 1), (4, 0, 0, 0), (5, 0, 0, 0), (6, 0, 0, 0)}	81	(1, 3, 11/3, 9)
44640	(6, 0, 0, -1)	{(5, 0, 0, 0), (6, 0, 0, -1), (7, 0, 0, -1), (8, 0, 0, -1)}	729/11	(1, 3, 11/3, 9)
44880	(5, 0, 0, -1)	{(4, 0, 0, 0), (5, 0, 0, -1), (6, 0, 0, -1), (7, 0, 0, -1)}	243/11	(1, 3, 11/3, 9)
45360	(4, 0, 0, -1)	{(3, 0, 0, 0), (4, 0, 0, -1), (5, 0, 0, -1), (6, 0, 0, -1)}	81/11	(1, 3, 11/3, 9)
45840	(3, 0, 0, -1)	{(2, 0, 0, 0), (3, 0, 0, -1), (4, 0, 0, -1), (5, 0, 0, -1)}	27/11	(1, 3, 11/3, 9)
46320	(2, 0, 0, -1)	{(1, 0, 0, 0), (2, 0, 0, -1), (3, 0, 0, -1), (4, 0, 0, -1)}	9/11	(1, 3, 11/3, 9)
47040	(1, 0, 0, -1)	{(1, 0, 0, -1), (1, 0, 0, 0), (2, 0, 0, -1), (3, 0, 0, -1), (4, 0, 0, -1)}	3/11	(1, 3, 9, 11, 27)
48480	(0, 0, 0, 0)	{(-1, 0, 0, 1), (0, 0, 0, 0), (1, 0, 0, 0), (2, 0, 0, 0)}	1	(1, 3, 11/3, 9)
49200	(1, 0, 0, 0)	{(0, 0, 0, 0), (1, 0, 0, 0), (2, 0, 0, 0)}	3	(1/3, 1, 3)
50160	(-1, 0, 0, 0)	{(-2, 0, 0, 1), (-1, 0, 0, 0), (0, 0, 0, 0), (1, 0, 0, 0)}	1/3	(1, 3, 11/3, 9)
51120	(-2, 0, 0, 0)	{(-2, 0, 0, 0), (-2, 0, 0, 1), (-1, 0, 0, 0), (0, 0, 0, 0), (1, 0, 0, 0)}	1/9	(1, 3, 9, 11, 27)
52080	(-4, 0, 0, 1)	{(-5, 0, 0, 2), (-4, 0, 0, 1), (-3, 0, 0, 1), (-2, 0, 0, 1)}	11/81	(1, 3, 11/3, 9)
53040	(-2, 0, 0, 0)	{(-2, 0, 0, 0), (-2, 0, 0, 1), (-1, 0, 0, 0), (0, 0, 0, 0), (1, 0, 0, 0)}	1/9	(1, 3, 9, 11, 27)
54000	(0, 0, 0, 0)	{(0, 0, 0, 0), (1, 0, 0, 0), (2, 0, 0, 0)}	1	(1, 3, 9)
54480	(-1, 0, 0, 0)	{(-1, 0, 0, 0), (0, 0, 0, 0), (1, 0, 0, 0), (2, 0, 0, 0)}	1/3	(1, 3, 9, 27)
54960	(-4, 0, 0, 1)	{(-5, 0, 0, 2), (-4, 0, 0, 1), (-4, 0, 0, 2), (-3, 0, 0, 1), (-2, 0, 0, 1), (-1, 0, 0, 1)}	11/81	(1, 3, 11/3, 9, 11, 27)
56160	(-1, 0, 0, 0)	{(-1, 0, 0, 0), (0, 0, 0, 0), (1, 0, 0, 0)}	1/3	(1, 3, 9)
56880	(1, 0, 0, 0)	{(-1, 0, 0, 1), (0, 0, 0, 0), (1, 0, 0, 0), (2, 0, 0, 0)}	3	(1/3, 1, 11/9, 3)
57840	(2, 0, 0, 0)	{(-2, 0, 0, 1), (-1, 0, 0, 0), (0, 0, 0, 0), (1, 0, 0, 0), (2, 0, 0, 0)}	9	(1/27, 1/9, 11/81, 1/3, 1)
58320	(0, 0, 0, 0)	{(-2, 0, 0, 1), (-1, 0, 0, 0), (0, 0, 0, 0), (1, 0, 0, 0)}	1	(1/3, 1, 11/9, 3)
58800	(-2, 0, 0, 0)	{(-2, 0, 0, 0), (-2, 0, 0, 1), (-1, 0, 0, 0), (0, 0, 0, 0), (1, 0, 0, 0)}	1/9	(1, 3, 9, 11, 27)
59760	(-1, 0, 0, 0)	{(-2, 0, 0, 1), (-1, 0, 0, 0), (0, 0, 0, 0)}	1/3	(1, 3, 11/3)
60720	(1, 0, 0, 0)	{(-2, 0, 0, 1), (-1, 0, 0, 1), (0, 0, 0, 0), (1, 0, 0, 0), (2, 0, 0, 0)}	3	(1/3, 11/27, 1, 11/9, 3)
61680	(-2, 0, 0, 1)	{(-3, 0, 0, 2), (-2, 0, 0, 1), (-1, 0, 0, 1), (0, 0, 0, 1)}	11/9	(1, 3, 11/3, 9)
63840	(0, 0, 0, 0)	{(-1, 0, 0, 1), (0, 0, 0, 0), (1, 0, 0, 0), (2, 0, 0, 0)}	1	(1, 3, 11/3, 9)
64560	(1, 0, 0, 0)	{(0, 0, 0, 0), (1, 0, 0, 0), (2, 0, 0, 0)}	3	(1/3, 1, 3)
65520	(-1, 0, 0, 0)	{(-2, 0, 0, 1), (-1, 0, 0, 0), (0, 0, 0, 0), (1, 0, 0, 0)}	1/3	(1, 3, 11/3, 9)
66480	(-2, 0, 0, 0)	{(-2, 0, 0, 0), (-2, 0, 0, 1), (-1, 0, 0, 0), (0, 0, 0, 0), (1, 0, 0, 0)}	1/9	(1, 3, 9, 11, 27)
67440	(-4, 0, 0, 1)	{(-5, 0, 0, 2), (-4, 0, 0, 1), (-3, 0, 0, 1), (-2, 0, 0, 1)}	11/81	(1, 3, 11/3, 9)
68400	(-2, 0, 0, 0)	{(-2, 0, 0, 0), (-2, 0, 0, 1), (-1, 0, 0, 0), (0, 0, 0, 0), (1, 0, 0, 0)}	1/9	(1, 3, 9, 11, 27)
69360	(0, 0, 0, 0)	{(0, 0, 0, 0), (1, 0, 0, 0), (2, 0, 0, 0)}	1	(1, 3, 9)
69840	(-1, 0, 0, 0)	{(-1, 0, 0, 0), (0, 0, 0, 0), (1, 0, 0, 0), (2, 0, 0, 0)}	1/3	(1, 3, 9, 27)
70320	(-4, 0, 0, 1)	{(-5, 0, 0, 2), (-4, 0, 0, 1), (-4, 0, 0, 2), (-3, 0, 0, 1), (-2, 0, 0, 1), (-1, 0, 0, 1)}	11/81	(1, 3, 11/3, 9, 11, 27)
71520	(-1, 0, 0, 0)	{(-1, 0, 0, 0), (0, 0, 0, 0), (1, 0, 0, 0)}	1/3	(1, 3, 9)
72240	(1, 0, 0, 0)	{(-1, 0, 0, 1), (0, 0, 0, 0), (1, 0, 0, 0), (2, 0, 0, 0)}	3	(1/3, 1, 11/9, 3)
73200	(2, 0, 0, 0)	{(-2, 0, 0, 1), (-1, 0, 0, 0), (0, 0, 0, 0), (1, 0, 0, 0), (2, 0, 0, 0)}	9	(1/27, 1/9, 11/81, 1/3, 1)
73680	(0, 0, 0, 0)	{(-2, 0, 0, 1), (-1, 0, 0, 0), (0, 0, 0, 0), (1, 0, 0, 0)}	1	(1/3, 1, 11/9, 3)
74160	(-2, 0, 0, 0)	{(-2, 0, 0, 0), (-2, 0, 0, 1), (-1, 0, 0, 0), (0, 0, 0, 0), (1, 0, 0, 0)}	1/9	(1, 3, 9, 11, 27)
75120	(-1, 0, 0, 0)	{(-2, 0, 0, 1), (-1, 0, 0, 0), (0, 0, 0, 0)}	1/3	(1, 3, 11/3)
78000	(1, 0, 0, 0)	{(-2, 0, 0, 1), (0, 0, 0, 0), (1, 0, 0, 0), (2, 0, 0, 0)}	3	(1/3, 11/27, 1, 3)
79200	(2, 0, 0, -1)	{(1, 0, 0, 0), (2, 0, 0, -1), (3, 0, 0, -1), (4, 0, 0, -1)}	9/11	(1, 3, 11/3, 9)
79920	(3, 0, 0, -1)	{(2, 0, 0, -1), (3, 0, 0, -1), (4, 0, 0, -1)}	27/11	(1/3, 1, 3)
80880	(1, 0, 0, -1)	{(0, 0, 0, 0), (1, 0, 0, -1), (2, 0, 0, -1), (3, 0, 0, -1)}	3/11	(1, 3, 11/3, 9)
81840	(0, 0, 0, -1)	{(0, 0, 0, -1), (0, 0, 0, 0), (1, 0, 0, -1), (2, 0, 0, -1), (3, 0, 0, -1)}	1/11	(1, 3, 9, 11, 27)
82800	(-2, 0, 0, 0)	{(-3, 0, 0, 1), (-2, 0, 0, 0), (-1, 0, 0, 0), (0, 0, 0, 0)}	1/9	(1, 3, 11/3, 9)
83760	(0, 0, 0, -1)	{(-1, 0, 0, 0), (0, 0, 0, -1), (1, 0, 0, -1), (2, 0, 0, -1), (3, 0, 0, -1)}	1/11	(1, 3, 11/3, 9, 27)
84720	(2, 0, 0, -1)	{(1, 0, 0, 0), (2, 0, 0, -1), (3, 0, 0, -1), (4, 0, 0, -1)}	9/11	(1, 3, 11/3, 9)
85680	(-2, 0, 0, 0)	{(-3, 0, 0, 1), (-2, 0, 0, 0), (-2, 0, 0, 1), (-1, 0, 0, 0), (0, 0, 0, 0)}	1/9	(1, 3, 11/3, 9, 11)
86400	(0, 0, 0, 0)	{(0, 0, 0, 0), (1, 0, 0, 0), (2, 0, 0, -1), (3, 0, 0, -1)}	1	(9/11, 1, 27/11, 3)
86880	(1, 0, 0, -1)	{(1, 0, 0, -1), (2, 0, 0, -1), (3, 0, 0, -1), (4, 0, 0, -1)}	3/11	(1, 3, 9, 27)
87600	(3, 0, 0, -1)	{(2, 0, 0, -1), (3, 0, 0, -1), (4, 0, 0, -1)}	27/11	(1/3, 1, 3)
88560	(4, 0, 0, -1)	{(0, 0, 0, 0), (1, 0, 0, -1), (2, 0, 0, -1), (3, 0, 0, -1), (4, 0, 0, -1)}	81/11	(1/27, 1/9, 11/81, 1/3, 1)
89040	(2, 0, 0, -1)	{(0, 0, 0, 0), (1, 0, 0, -1), (2, 0, 0, -1), (3, 0, 0, -1)}	9/11	(1/3, 1, 11/9, 3)
89520	(0, 0, 0, -1)	{(0, 0, 0, -1), (0, 0, 0, 0), (1, 0, 0, -1), (2, 0, 0, -1), (3, 0, 0, -1), (4, 0, 0, -1)}	1/11	(1, 3, 9, 11, 27, 81)
90480	(-1, 0, 0, 0)	{(-2, 0, 0, 1), (-1, 0, 0, 0), (0, 0, 0, 0)}	1/3	(1, 3, 11/3)
91440	(1, 0, 0, 0)	{(-2, 0, 0, 1), (0, 0, 0, 0), (1, 0, 0, 0), (2, 0, 0, 0)}	3	(1/3, 11/27, 1, 3)
92400	(2, 0, 0, -1)	{(1, 0, 0, 0), (2, 0, 0, -1), (3, 0, 0, -1), (4, 0, 0, -1)}	9/11	(1, 3, 11/3, 9)
93360	(1, 0, 0, -1)	{(1, 0, 0, -1), (2, 0, 0, -1), (3, 0, 0, -1), (4, 0, 0, -1)}	3/11	(1, 3, 9, 27)
93840	(-1, 0, -1, 1)	{(-2, 0, 0, 1), (-1, 0, -1, 1), (-1, 0, 0, 1), (1, 0, 0, 0)}	11/21	(1, 7/3, 63/11, 7)
94560	(0, 0, 0, 0)	{(-1, 0, 0, 1), (0, 0, 0, 0), (1, 0, 0, 0), (2, 0, 0, 0)}	1	(1, 3, 11/3, 9)
95280	(2, 0, 0, 0)	{(0, 0, 0, 0), (1, 0, 0, 0), (2, 0, 0, 0)}	9	(1/9, 1/3, 1)
96240	(-1, 0, 0, 0)	{(-2, 0, 0, 1), (-1, 0, 0, 0), (0, 0, 0, 0), (1, 0, 0, 0)}	1/3	(1, 3, 11/3, 9)
98160	(-3, 0, 0, 1)	{(-4, 0, 0, 2), (-3, 0, 0, 1), (-3, 0, 0, 2), (-1, 0, 0, 1)}	11/27	(1, 11/3, 9, 11)
99120	(-4, 0, 0, 1)	{(-5, 0, 0, 2), (-4, 0, 0, 1), (-3, 0, 0, 1), (-2, 0, 0, 1), (-1, 0, 0, 1)}	11/81	(1, 3, 11/3, 9, 27)
100080	(-2, 0, 0, 0)	{(-2, 0, 0, 0), (-2, 0, 0, 1), (-1, 0, 0, 0), (0, 0, 0, 0), (1, 0, 0, 0)}	1/9	(1, 3, 9, 11, 27)
101040	(-1, 0, 0, 0)	{(-1, 0, 0, 0), (0, 0, 0, 0), (1, 0, 0, 0), (2, 0, 0, 0)}	1/3	(1, 3, 9, 27)
101520	(1, 0, 0, 0)	{(-2, 0, 0, 1), (-1, 0, 0, 0), (0, 0, 0, 0), (1, 0, 0, 0)}	3	(1/9, 1/3, 11/27, 1)
102240	(0, 0, 0, 0)	{(-1, 0, 0, 1), (0, 0, 0, 0), (1, 0, 0, 0), (2, 0, 0, 0)}	1	(1, 3, 11/3, 9)
102960	(2, 0, 0, 0)	{(0, 0, 0, 0), (1, 0, 0, 0), (2, 0, 0, 0)}	9	(1/9, 1/3, 1)
103920	(1, 0, 0, 0)	{(-2, 0, 0, 1), (-1, 0, 0, 0), (0, 0, 0, 0), (1, 0, 0, 0), (3, 0, 0, 0)}	3	(1/9, 1/3, 11/27, 1, 9)
104880	(-3, 0, 0, 1)	{(-3, 0, 0, 1), (-3, 0, 0, 2), (-2, 0, 0, 1), (-1, 0, 0, 1), (0, 0, 0, 1)}	11/27	(1, 3, 9, 11, 27)
105840	(-3, 0, 0, 1)	{(-4, 0, 0, 2), (-3, 0, 0, 1), (-2, 0, 0, 1), (-1, 0, 0, 1)}	11/27	(1, 3, 11/3, 9)
106320	(-2, 0, 0, 1)	{(-4, 0, 0, 2), (-3, 0, 0, 1), (-2, 0, 0, 1), (-1, 0, 0, 1)}	11/9	(1/3, 1, 11/9, 3)
106800	(-4, 0, 0, 1)	{(-5, 0, 0, 2), (-4, 0, 0, 1), (-3, 0, 0, 1), (-2, 0, 0, 1)}	11/81	(1, 3, 11/3, 9)
107760	(-2, 0, 0, 0)	{(-2, 0, 0, 0), (-2, 0, 0, 1), (-1, 0, 0, 0), (0, 0, 0, 0), (1, 0, 0, 0)}	1/9	(1, 3, 9, 11, 27)
108720	(-2, 0, 0, 1)	{(-3, 0, 0, 2), (-2, 0, 0, 1), (-1, 0, 0, 1), (0, 0, 0, 1)}	11/9	(1, 3, 11/3, 9)
109920	(0, 0, 0, 0)	{(-1, 0, 0, 1), (0, 0, 0, 0), (1, 0, 0, 0), (2, 0, 0, 0)}	1	(1, 3, 11/3, 9)
110640	(2, 0, 0, 0)	{(0, 0, 0, 0), (1, 0, 0, 0), (2, 0, 0, 0)}	9	(1/9, 1/3, 1)
111600	(-1, 0, 0, 0)	{(-2, 0, 0, 1), (-1, 0, 0, 0), (0, 0, 0, 0), (1, 0, 0, 0)}	1/3	(1, 3, 11/3, 9)
113520	(-3, 0, 0, 1)	{(-4, 0, 0, 2), (-3, 0, 0, 1), (-3, 0, 0, 2), (-1, 0, 0, 1)}	11/27	(1, 11/3, 9, 11)
114480	(-4, 0, 0, 1)	{(-5, 0, 0, 2), (-4, 0, 0, 1), (-3, 0, 0, 1), (-2, 0, 0, 1), (-1, 0, 0, 1)}	11/81	(1, 3, 11/3, 9, 27)
115440	(-2, 0, 0, 0)	{(-2, 0, 0, 0), (-2, 0, 0, 1), (-1, 0, 0, 0), (0, 0, 0, 0), (1, 0, 0, 0)}	1/9	(1, 3, 9, 11, 27)
116400	(-1, 0, 0, 0)	{(-1, 0, 0, 0), (0, 0, 0, 0), (1, 0, 0, 0), (2, 0, 0, 0)}	1/3	(1, 3, 9, 27)
116880	(1, 0, 0, 0)	{(-2, 0, 0, 1), (-1, 0, 0, 0), (0, 0, 0, 0), (1, 0, 0, 0)}	3	(1/9, 1/3, 11/27, 1)
117600	(0, 0, 0, 0)	{(-1, 0, 0, 1), (0, 0, 0, 0), (1, 0, 0, 0), (2, 0, 0, 0)}	1	(1, 3, 11/3, 9)
118320	(2, 0, 0, 0)	{(0, 0, 0, 0), (1, 0, 0, 0), (2, 0, 0, 0)}	9	(1/9, 1/3, 1)
119280	(1, 0, 0, 0)	{(-2, 0, 0, 1), (-1, 0, 0, 0), (0, 0, 0, 0), (1, 0, 0, 0), (3, 0, 0, 0)}	3	(1/9, 1/3, 11/27, 1, 9)
120240	(-3, 0, 0, 1)	{(-3, 0, 0, 1), (-3, 0, 0, 2), (-2, 0, 0, 1), (-1, 0, 0, 1), (0, 0, 0, 1)}	11/27	(1, 3, 9, 11, 27)
121200	(-3, 0, 0, 1)	{(-4, 0, 0, 2), (-3, 0, 0, 1), (-2, 0, 0, 1), (-1, 0, 0, 1)}	11/27	(1, 3, 11/3, 9)
121680	(-2, 0, 0, 1)	{(-4, 0, 0, 2), (-3, 0, 0, 1), (-2, 0, 0, 1), (-1, 0, 0, 1)}	11/9	(1/3, 1, 11/9, 3)
122160	(-4, 0, 0, 1)	{(-5, 0, 0, 2), (-4, 0, 0, 1), (-3, 0, 0, 1), (-2, 0, 0, 1)}	11/81	(1, 3, 11/3, 9)
123120	(-2, 0, 0, 0)	{(-2, 0, 0, 0), (-2, 0, 0, 1), (-1, 0, 0, 0), (0, 0, 0, 0), (1, 0, 0, 0)}	1/9	(1, 3, 9, 11, 27)
124080	(-2, 0, 0, 1)	{(-3, 0, 0, 2), (-2, 0, 0, 1), (-1, 0, 0, 1), (0, 0, 0, 1)}	11/9	(1, 3, 11/3, 9)
125280	(-2, 0, 0, 0)	{(-3, 0, 0, 1), (-2, 0, 0, 0), (-1, 0, 0, 0), (0, 0, 0, 0)}	1/9	(1, 3, 11/3, 9)
128400	(0, 0, 0, 0)	{(-1, 0, 0, 1), (0, 0, 0, 0), (1, 0, 0, 0), (2, 0, 0, 0)}	1	(1, 3, 11/3, 9)
129120	(-2, 0, 0, 0)	{(-3, 0, 0, 1), (-2, 0, 0, 0), (-1, 0, 0, 0), (0, 0, 0, 0)}	1/9	(1, 3, 11/3, 9)
132240	(0, 0, 0, 0)	{(-1, 0, 0, 1), (0, 0, 0, 0), (1, 0, 0, 0), (2, 0, 0, 0)}	1	(1, 3, 11/3, 9)
132960	(2, 0, 0, 0)	{(1, 0, 0, 1), (2, 0, 0, 0), (3, 0, 0, 0), (4, 0, 0, 0)}	9	(1, 3, 11/3, 9)
136080	(4, 0, 0, 0)	{(3, 0, 0, 1), (4, 0, 0, 0), (5, 0, 0, 0), (6, 0, 0, 0)}	81	(1, 3, 11/3, 9)
136800	(6, 0, 0, -1)	{(5, 0, 0, 0), (6, 0, 0, -1), (7, 0, 0, -1), (8, 0, 0, -1)}	729/11	(1, 3, 11/3, 9)
137040	(5, 0, 0, -1)	{(4, 0, 0, 0), (5, 0, 0, -1), (6, 0, 0, -1), (7, 0, 0, -1)}	243/11	(1, 3, 11/3, 9)
137520	(4, 0, 0, -1)	{(3, 0, 0, 0), (4, 0, 0, -1), (5, 0, 0, -1), (6, 0, 0, -1)}	81/11	(1, 3, 11/3, 9)
138000	(3, 0, 0, -1)	{(2, 0, 0, 0), (3, 0, 0, -1), (4, 0, 0, -1), (5, 0, 0, -1)}	27/11	(1, 3, 11/3, 9)
138480	(2, 0, 0, -1)	{(1, 0, 0, 0), (2, 0, 0, -1), (3, 0, 0, -1), (4, 0, 0, -1)}	9/11	(1, 3, 11/3, 9)
138960	(1, 0, 0, -1)	{(0, 0, 0, 0), (1, 0, 0, -1), (2, 0, 0, -1), (3, 0, 0, -1)}	3/11	(1, 3, 11/3, 9)
139200	(0, 0, 0, -1)	{(-1, 0, 0, 0), (0, 0, 0, -1), (1, 0, 0, -1), (2, 0, 0, -1)}	1/11	(1, 3, 11/3, 9)
139560	(-1, 0, 0, -1)	{(-2, 0, 0, 0), (-1, 0, 0, -1), (0, 0, 0, -1), (1, 0, 0, -1)}	1/33	(1, 3, 11/3, 9)
139920	(-2, 0, 0, -1)	{(-3, 0, 0, 0), (-2, 0, 0, -1), (-1, 0, 0, -1), (0, 0, 0, -1)}	1/99	(1, 3, 11/3, 9)
140280	(-3, 0, 0, -1)	{(-4, 0, 0, 0), (-3, 0, 0, -1), (-2, 0, 0, -1), (-1, 0, 0, -1)}	1/297	(1, 3, 11/3, 9)
140640	(-4, 0, 0, -1)	{(-5, 0, 0, 0), (-4, 0, 0, -1), (-3, 0, 0, -1), (-2, 0, 0, -1)}	1/891	(1, 3, 11/3, 9)
141000	(-5, 0, 0, -1)	{(-6, 0, 0, 0), (-5, 0, 0, -1), (-4, 0, 0, -1), (-3, 0, 0, -1)}	1/2673	(1, 3, 11/3, 9)
141360	(-6, 0, 0, -1)	{(-6, 0, 0, -1), (-6, 0, 0, 0), (-5, 0, 0, -1), (-4, 0, 0, -1), (-3, 0, 0, -1)}	1/8019	(1, 3, 9, 11, 27)
142080	(-2, 0, 0, -1)	{(-3, 0, 0, 0), (-2, 0, 0, -1), (-1, 0, 0, -1), (0, 0, 0, -1)}	1/99	(1, 3, 11/3, 9)
143880	(-3, 0, 0, -1)	{(-3, 0, 0, -1), (-3, 0, 0, 0), (-2, 0, 0, -1), (-1, 0, 0, -1), (0, 0, 0, -1)}	1/297	(1, 3, 9, 11, 27)
144600	(-3, 0, 0, 0)	{(-4, 0, 0, 1), (-3, 0, 0, 0), (-2, 0, 0, 0)}	1/27	(1, 3, 11/3)
145320	(-2, 0, 0, 0)	{(-4, 0, 0, 1), (-3, 0, 0, 0), (-2, 0, 0, 0), (-1, 0, 0, 0)}	1/9	(1/3, 1, 11/9, 3)
146040	(-3, 0, 0, -2)	{(-4, 0, 0, -1), (-3, 0, 0, -2), (-2, 0, 0, -2), (-1, 0, 0, -2)}	1/3267	(1, 3, 11/3, 9)
147840	(-4, 0, 0, -2)	{(-4, 0, 0, -2), (-4, 0, 0, -1), (-3, 0, 0, -2), (-2, 0, 0, -2), (-1, 0, 0, -2)}	1/9801	(1, 3, 9, 11, 27)
148560	(-4, 0, 0, -1)	{(-5, 0, 0, 0), (-4, 0, 0, -1), (-3, 0, 0, -1)}	1/891	(1, 3, 11/3)
149280	(-3, 0, 0, -1)	{(-5, 0, 0, 0), (-4, 0, 0, -1), (-3, 0, 0, -1), (-2, 0, 0, -1)}	1/297	(1/3, 1, 11/9, 3)
150000	(-1, 0, 0, 0)	{(-2, 0, 0, 1), (-1, 0, 0, 0), (0, 0, 0, 0), (1, 0, 0, 0)}	1/3	(1, 3, 11/3, 9)
151800	(-2, 0, 0, 0)	{(-2, 0, 0, 0), (-2, 0, 0, 1), (-1, 0, 0, 0), (0, 0, 0, 0), (1, 0, 0, 0)}	1/9	(1, 3, 9, 11, 27)
152520	(-2, 0, 0, 1)	{(-3, 0, 0, 2), (-2, 0, 0, 1), (-1, 0, 0, 1)}	11/9	(1, 3, 11/3)
153240	(-1, 0, 0, 1)	{(-3, 0, 0, 2), (-2, 0, 0, 1), (-1, 0, 0, 1), (0, 0, 0, 1)}	11/3	(1/3, 1, 11/9, 3)
153960	(-2, 0, 0, -1)	{(-3, 0, 0, 0), (-2, 0, 0, -1), (-1, 0, 0, -1), (0, 0, 0, -1)}	1/99	(1, 3, 11/3, 9)
155760	(-3, 0, 0, -1)	{(-3, 0, 0, -1), (-3, 0, 0, 0), (-2, 0, 0, -1), (-1, 0, 0, -1), (0, 0, 0, -1)}	1/297	(1, 3, 9, 11, 27)
159120	(-3, -1, 0, -1)	{(-4, -1, 0, 0), (-3, -1, 0, -1), (-2, -1, 0, -1), (-1, -1, 0, -1)}			↓[调和音差] Juskrama (semiporwellisma) 16384/16335
159120	(0, 0, 0, 1)	{(-1, 0, 0, 2), (0, 0, 0, 1), (1, 0, 0, 1), (2, 0, 0, 1)}	11	(1, 3, 11/3, 9)
162960	(-1, 0, 0, 1)	{(-1, 0, 0, 1), (-1, 0, 0, 2), (0, 0, 0, 1), (1, 0, 0, 1), (2, 0, 0, 1)}	11/3	(1, 3, 9, 11, 27)
166800	(-3, 0, 0, 2)	{(-4, 0, 0, 3), (-3, 0, 0, 2), (-2, 0, 0, 2), (-1, 0, 0, 2)}	121/27	(1, 3, 11/3, 9)
170640	(-4, 0, 0, 2)	{(-4, 0, 0, 2), (-4, 0, 0, 3), (-3, 0, 0, 2), (-2, 0, 0, 2), (-1, 0, 0, 2)}	121/81	(1, 3, 9, 11, 27)
174480	(0, 0, 0, 1)	{(-1, 0, 0, 2), (0, 0, 0, 1), (1, 0, 0, 1), (2, 0, 0, 1)}	11	(1, 3, 11/3, 9)
178320	(-1, 0, 0, 1)	{(-1, 0, 0, 1), (-1, 0, 0, 2), (0, 0, 0, 1), (1, 0, 0, 1), (2, 0, 0, 1)}	11/3	(1, 3, 9, 11, 27)
182160	(-3, 0, 0, 2)	{(-4, 0, 0, 3), (-3, 0, 0, 2), (-2, 0, 0, 2), (-1, 0, 0, 2)}	121/27	(1, 3, 11/3, 9)
186000	(-6, 0, 0, 2)	{(-6, 0, 0, 2), (-6, 0, 0, 3), (-5, 0, 0, 2), (-4, 0, 0, 2), (-3, 0, 0, 2)}	121/729	(1, 3, 9, 11, 27)
187920	(-1, 0, 0, 0)	{(-1, 0, 0, 0), (-1, 0, 0, 1), (0, 0, 0, 0), (1, 0, 0, 0), (2, 0, 0, 0)}			↑[调和音差] Dachykrama (rastma) 243/242
189840	(4, 0, 0, -2)	{(4, 0, 0, -2), (4, 0, 0, -1), (5, 0, 0, -2), (6, 0, 0, -2), (7, 0, 0, -2)}			↑[调和音差] Dachykrama (rastma) 243/242
191760	(2, 0, 0, -1)	{(1, 0, 0, 0), (2, 0, 0, -1), (3, 0, 0, -1), (4, 0, 0, -1)}	9/11	(1, 3, 11/3, 9)
192480	(3, 0, 0, -1)	{(2, 0, 0, -1), (3, 0, 0, -1), (4, 0, 0, -1)}	27/11	(1/3, 1, 3)
193440	(1, 0, 0, -1)	{(0, 0, 0, 0), (1, 0, 0, -1), (2, 0, 0, -1), (3, 0, 0, -1)}	3/11	(1, 3, 11/3, 9)
194400	(0, 0, 0, -1)	{(0, 0, 0, -1), (0, 0, 0, 0), (1, 0, 0, -1), (2, 0, 0, -1), (3, 0, 0, -1)}	1/11	(1, 3, 9, 11, 27)
195360	(-2, 0, 0, 0)	{(-3, 0, 0, 1), (-2, 0, 0, 0), (-1, 0, 0, 0), (0, 0, 0, 0)}	1/9	(1, 3, 11/3, 9)
196320	(0, 0, 0, -1)	{(-1, 0, 0, 0), (0, 0, 0, -1), (1, 0, 0, -1), (2, 0, 0, -1), (3, 0, 0, -1)}	1/11	(1, 3, 11/3, 9, 27)
197280	(2, 0, 0, -1)	{(1, 0, 0, 0), (2, 0, 0, -1), (3, 0, 0, -1), (4, 0, 0, -1)}	9/11	(1, 3, 11/3, 9)
198240	(-2, 0, 0, 0)	{(-3, 0, 0, 1), (-2, 0, 0, 0), (-2, 0, 0, 1), (-1, 0, 0, 0), (0, 0, 0, 0)}	1/9	(1, 3, 11/3, 9, 11)
198960	(0, 0, 0, 0)	{(0, 0, 0, 0), (1, 0, 0, 0), (2, 0, 0, -1), (3, 0, 0, -1)}	1	(9/11, 1, 27/11, 3)
199440	(1, 0, 0, -1)	{(1, 0, 0, -1), (2, 0, 0, -1), (3, 0, 0, -1), (4, 0, 0, -1)}	3/11	(1, 3, 9, 27)
200160	(3, 0, 0, -1)	{(2, 0, 0, -1), (3, 0, 0, -1), (4, 0, 0, -1)}	27/11	(1/3, 1, 3)
201120	(4, 0, 0, -1)	{(0, 0, 0, 0), (1, 0, 0, -1), (2, 0, 0, -1), (3, 0, 0, -1), (4, 0, 0, -1)}	81/11	(1/27, 1/9, 11/81, 1/3, 1)
201600	(2, 0, 0, -1)	{(0, 0, 0, 0), (1, 0, 0, -1), (2, 0, 0, -1), (3, 0, 0, -1)}	9/11	(1/3, 1, 11/9, 3)
202080	(0, 0, 0, -1)	{(0, 0, 0, -1), (0, 0, 0, 0), (1, 0, 0, -1), (2, 0, 0, -1), (3, 0, 0, -1), (4, 0, 0, -1)}	1/11	(1, 3, 9, 11, 27, 81)
203040	(-1, 0, 0, 0)	{(-2, 0, 0, 1), (-1, 0, 0, 0), (0, 0, 0, 0)}	1/3	(1, 3, 11/3)
204000	(1, 0, 0, 0)	{(-2, 0, 0, 1), (0, 0, 0, 0), (1, 0, 0, 0), (2, 0, 0, 0)}	3	(1/3, 11/27, 1, 3)
204960	(2, 0, 0, -1)	{(1, 0, 0, 0), (2, 0, 0, -1), (3, 0, 0, -1), (4, 0, 0, -1)}	9/11	(1, 3, 11/3, 9)
206880	(1, 0, 0, -1)	{(1, 0, 0, -1), (2, 0, 0, -1), (3, 0, 0, -1), (4, 0, 0, -1)}	3/11	(1, 3, 9, 27)
207840	(3, 0, 0, -1)	{(2, 0, 0, -1), (3, 0, 0, -1), (4, 0, 0, -1)}	27/11	(1/3, 1, 3)
208320	(-1, 0, 0, 0)	{(-2, 0, 0, 1), (-1, 0, 0, 0), (-1, 0, 0, 1), (1, 0, 0, 0)}	1/3	(1, 11/3, 9, 11)
209040	(0, 0, 0, 0)	{(-1, 0, 0, 1), (0, 0, 0, 0), (1, 0, 0, 0), (2, 0, 0, 0)}	1	(1, 3, 11/3, 9)
209760	(1, 0, 0, 0)	{(0, 0, 0, 0), (1, 0, 0, 0), (2, 0, 0, 0)}	3	(1/3, 1, 3)
210720	(-1, 0, 0, 0)	{(-2, 0, 0, 1), (-1, 0, 0, 0), (0, 0, 0, 0), (1, 0, 0, 0)}	1/3	(1, 3, 11/3, 9)
211680	(-2, 0, 0, 0)	{(-2, 0, 0, 0), (-2, 0, 0, 1), (-1, 0, 0, 0), (0, 0, 0, 0), (1, 0, 0, 0)}	1/9	(1, 3, 9, 11, 27)
212640	(-4, 0, 0, 1)	{(-5, 0, 0, 2), (-4, 0, 0, 1), (-3, 0, 0, 1), (-2, 0, 0, 1)}	11/81	(1, 3, 11/3, 9)
213600	(-2, 0, 0, 0)	{(-2, 0, 0, 0), (-2, 0, 0, 1), (-1, 0, 0, 0), (0, 0, 0, 0), (1, 0, 0, 0)}	1/9	(1, 3, 9, 11, 27)
214560	(0, 0, 0, 0)	{(0, 0, 0, 0), (1, 0, 0, 0), (2, 0, 0, 0)}	1	(1, 3, 9)
215040	(-1, 0, 0, 0)	{(-1, 0, 0, 0), (0, 0, 0, 0), (1, 0, 0, 0), (2, 0, 0, 0)}	1/3	(1, 3, 9, 27)
215520	(-4, 0, 0, 1)	{(-5, 0, 0, 2), (-4, 0, 0, 1), (-4, 0, 0, 2), (-3, 0, 0, 1), (-2, 0, 0, 1), (-1, 0, 0, 1)}	11/81	(1, 3, 11/3, 9, 11, 27)
216720	(-1, 0, 0, 0)	{(-1, 0, 0, 0), (0, 0, 0, 0), (1, 0, 0, 0)}	1/3	(1, 3, 9)
217440	(1, 0, 0, 0)	{(-1, 0, 0, 1), (0, 0, 0, 0), (1, 0, 0, 0), (2, 0, 0, 0)}	3	(1/3, 1, 11/9, 3)
218400	(2, 0, 0, 0)	{(-2, 0, 0, 1), (-1, 0, 0, 0), (0, 0, 0, 0), (1, 0, 0, 0), (2, 0, 0, 0)}	9	(1/27, 1/9, 11/81, 1/3, 1)
218880	(0, 0, 0, 0)	{(-2, 0, 0, 1), (-1, 0, 0, 0), (0, 0, 0, 0), (1, 0, 0, 0)}	1	(1/3, 1, 11/9, 3)
219360	(-2, 0, 0, 0)	{(-2, 0, 0, 0), (-2, 0, 0, 1), (-1, 0, 0, 0), (0, 0, 0, 0), (1, 0, 0, 0)}	1/9	(1, 3, 9, 11, 27)
220320	(-1, 0, 0, 0)	{(-2, 0, 0, 1), (-1, 0, 0, 0), (0, 0, 0, 0)}	1/3	(1, 3, 11/3)
221280	(1, 0, 0, 0)	{(-2, 0, 0, 1), (-1, 0, 0, 1), (0, 0, 0, 0), (1, 0, 0, 0), (2, 0, 0, 0)}	3	(1/3, 11/27, 1, 11/9, 3)
222240	(-2, 0, 0, 1)	{(-3, 0, 0, 2), (-2, 0, 0, 1), (-1, 0, 0, 1), (0, 0, 0, 1)}	11/9	(1, 3, 11/3, 9)
224400	(0, 0, 0, 0)	{(-1, 0, 0, 1), (0, 0, 0, 0), (1, 0, 0, 0), (2, 0, 0, 0)}	1	(1, 3, 11/3, 9)
225120	(1, 0, 0, 0)	{(0, 0, 0, 0), (1, 0, 0, 0), (2, 0, 0, 0)}	3	(1/3, 1, 3)
226080	(-1, 0, 0, 0)	{(-2, 0, 0, 1), (-1, 0, 0, 0), (0, 0, 0, 0), (1, 0, 0, 0)}	1/3	(1, 3, 11/3, 9)
227040	(-2, 0, 0, 0)	{(-2, 0, 0, 0), (-2, 0, 0, 1), (-1, 0, 0, 0), (0, 0, 0, 0), (1, 0, 0, 0)}	1/9	(1, 3, 9, 11, 27)
228000	(-4, 0, 0, 1)	{(-5, 0, 0, 2), (-4, 0, 0, 1), (-3, 0, 0, 1), (-2, 0, 0, 1)}	11/81	(1, 3, 11/3, 9)
228960	(-2, 0, 0, 0)	{(-2, 0, 0, 0), (-2, 0, 0, 1), (-1, 0, 0, 0), (0, 0, 0, 0), (1, 0, 0, 0)}	1/9	(1, 3, 9, 11, 27)
229920	(0, 0, 0, 0)	{(0, 0, 0, 0), (1, 0, 0, 0), (2, 0, 0, 0)}	1	(1, 3, 9)
230400	(-1, 0, 0, 0)	{(-1, 0, 0, 0), (0, 0, 0, 0), (1, 0, 0, 0), (2, 0, 0, 0)}	1/3	(1, 3, 9, 27)
230880	(-4, 0, 0, 1)	{(-5, 0, 0, 2), (-4, 0, 0, 1), (-4, 0, 0, 2), (-3, 0, 0, 1), (-2, 0, 0, 1), (-1, 0, 0, 1)}	11/81	(1, 3, 11/3, 9, 11, 27)
232080	(-1, 0, 0, 0)	{(-1, 0, 0, 0), (0, 0, 0, 0), (1, 0, 0, 0)}	1/3	(1, 3, 9)
232800	(1, 0, 0, 0)	{(-1, 0, 0, 1), (0, 0, 0, 0), (1, 0, 0, 0), (2, 0, 0, 0)}	3	(1/3, 1, 11/9, 3)
233760	(2, 0, 0, 0)	{(-2, 0, 0, 1), (-1, 0, 0, 0), (0, 0, 0, 0), (1, 0, 0, 0), (2, 0, 0, 0)}	9	(1/27, 1/9, 11/81, 1/3, 1)
234240	(0, 0, 0, 0)	{(-2, 0, 0, 1), (-1, 0, 0, 0), (0, 0, 0, 0), (1, 0, 0, 0)}	1	(1/3, 1, 11/9, 3)
234720	(-2, 0, 0, 0)	{(-2, 0, 0, 0), (-2, 0, 0, 1), (-1, 0, 0, 0), (0, 0, 0, 0), (1, 0, 0, 0)}	1/9	(1, 3, 9, 11, 27)
235680	(-1, 0, 0, 0)	{(-2, 0, 0, 1), (-1, 0, 0, 0), (0, 0, 0, 0)}	1/3	(1, 3, 11/3)
238560	(1, 0, 0, 0)	{(-2, 0, 0, 1), (0, 0, 0, 0), (1, 0, 0, 0), (2, 0, 0, 0)}	3	(1/3, 11/27, 1, 3)
239760	(2, 0, 0, -1)	{(1, 0, 0, 0), (2, 0, 0, -1), (3, 0, 0, -1), (4, 0, 0, -1)}	9/11	(1, 3, 11/3, 9)
240480	(3, 0, 0, -1)	{(2, 0, 0, -1), (3, 0, 0, -1), (4, 0, 0, -1)}	27/11	(1/3, 1, 3)
241440	(1, 0, 0, -1)	{(0, 0, 0, 0), (1, 0, 0, -1), (2, 0, 0, -1), (3, 0, 0, -1)}	3/11	(1, 3, 11/3, 9)
242400	(0, 0, 0, -1)	{(0, 0, 0, -1), (0, 0, 0, 0), (1, 0, 0, -1), (2, 0, 0, -1), (3, 0, 0, -1)}	1/11	(1, 3, 9, 11, 27)
243360	(-2, 0, 0, 0)	{(-3, 0, 0, 1), (-2, 0, 0, 0), (-1, 0, 0, 0), (0, 0, 0, 0)}	1/9	(1, 3, 11/3, 9)
244320	(0, 0, 0, -1)	{(-1, 0, 0, 0), (0, 0, 0, -1), (1, 0, 0, -1), (2, 0, 0, -1), (3, 0, 0, -1)}	1/11	(1, 3, 11/3, 9, 27)
245280	(2, 0, 0, -1)	{(1, 0, 0, 0), (2, 0, 0, -1), (3, 0, 0, -1), (4, 0, 0, -1)}	9/11	(1, 3, 11/3, 9)
246240	(-2, 0, 0, 0)	{(-3, 0, 0, 1), (-2, 0, 0, 0), (-2, 0, 0, 1), (-1, 0, 0, 0), (0, 0, 0, 0)}	1/9	(1, 3, 11/3, 9, 11)
246960	(0, 0, 0, 0)	{(0, 0, 0, 0), (1, 0, 0, 0), (2, 0, 0, -1), (3, 0, 0, -1)}	1	(9/11, 1, 27/11, 3)
247440	(1, 0, 0, -1)	{(1, 0, 0, -1), (2, 0, 0, -1), (3, 0, 0, -1), (4, 0, 0, -1)}	3/11	(1, 3, 9, 27)
248160	(3, 0, 0, -1)	{(2, 0, 0, -1), (3, 0, 0, -1), (4, 0, 0, -1)}	27/11	(1/3, 1, 3)
249120	(4, 0, 0, -1)	{(0, 0, 0, 0), (1, 0, 0, -1), (2, 0, 0, -1), (3, 0, 0, -1), (4, 0, 0, -1)}	81/11	(1/27, 1/9, 11/81, 1/3, 1)
249600	(2, 0, 0, -1)	{(0, 0, 0, 0), (1, 0, 0, -1), (2, 0, 0, -1), (3, 0, 0, -1)}	9/11	(1/3, 1, 11/9, 3)
250080	(0, 0, 0, -1)	{(0, 0, 0, -1), (0, 0, 0, 0), (1, 0, 0, -1), (2, 0, 0, -1), (3, 0, 0, -1), (4, 0, 0, -1)}	1/11	(1, 3, 9, 11, 27, 81)
251040	(1, 0, 0, -1)	{(0, 0, 0, 0), (1, 0, 0, -1), (2, 0, 0, -1), (3, 0, 0, -1)}	3/11	(1, 3, 11/3, 9)
252000	(3, 0, 0, -1)	{(2, 0, 0, 0), (3, 0, 0, -1), (4, 0, 0, -1), (5, 0, 0, -1)}	27/11	(1, 3, 11/3, 9)
252960	(0, 0, 0, 0)	{(-1, 0, 0, 1), (0, 0, 0, 0), (1, 0, 0, 0), (2, 0, 0, 0)}	1	(1, 3, 11/3, 9)
253920	(-1, 0, 0, 0)	{(-1, 0, 0, 0), (0, 0, 0, 0), (1, 0, 0, 0), (2, 0, 0, 0)}	1/3	(1, 3, 9, 27)
254400	(1, 0, 0, 0)	{(-1, 0, 0, 1), (1, 0, 0, 0), (1, 0, 1, 0), (2, 0, 0, 0), (3, 0, 0, 0)}	3	(1, 11/9, 3, 7, 9)
255120	(2, 0, 0, -1)	{(1, 0, 0, 0), (2, 0, 0, -1), (3, 0, 0, -1), (4, 0, 0, -1)}	9/11	(1, 3, 11/3, 9)
255840	(3, 0, 0, -1)	{(2, 0, 0, -1), (3, 0, 0, -1), (4, 0, 0, -1)}	27/11	(1/3, 1, 3)
256800	(1, 0, 0, -1)	{(0, 0, 0, 0), (1, 0, 0, -1), (2, 0, 0, -1), (3, 0, 0, -1)}	3/11	(1, 3, 11/3, 9)
257760	(0, 0, 0, -1)	{(0, 0, 0, -1), (0, 0, 0, 0), (1, 0, 0, -1), (2, 0, 0, -1), (3, 0, 0, -1)}	1/11	(1, 3, 9, 11, 27)
258720	(-2, 0, 0, 0)	{(-3, 0, 0, 1), (-2, 0, 0, 0), (-1, 0, 0, 0), (0, 0, 0, 0)}	1/9	(1, 3, 11/3, 9)
259680	(0, 0, 0, -1)	{(-1, 0, 0, 0), (0, 0, 0, -1), (1, 0, 0, -1), (2, 0, 0, -1), (3, 0, 0, -1)}	1/11	(1, 3, 11/3, 9, 27)
260640	(2, 0, 0, -1)	{(1, 0, 0, 0), (2, 0, 0, -1), (3, 0, 0, -1), (4, 0, 0, -1)}	9/11	(1, 3, 11/3, 9)
261600	(-2, 0, 0, 0)	{(-3, 0, 0, 1), (-2, 0, 0, 0), (-2, 0, 0, 1), (-1, 0, 0, 0), (0, 0, 0, 0)}	1/9	(1, 3, 11/3, 9, 11)
262080	(0, 0, 0, 0)	{(0, 0, 0, 0), (1, 0, 0, 0), (2, 0, 0, -1), (3, 0, 0, -1)}	1	(9/11, 1, 27/11, 3)
262800	(1, 0, 0, -1)	{(1, 0, 0, -1), (2, 0, 0, -1), (3, 0, 0, -1), (4, 0, 0, -1)}	3/11	(1, 3, 9, 27)
263520	(3, 0, 0, -1)	{(2, 0, 0, -1), (3, 0, 0, -1), (4, 0, 0, -1)}	27/11	(1/3, 1, 3)
264480	(4, 0, 0, -1)	{(0, 0, 0, 0), (1, 0, 0, -1), (2, 0, 0, -1), (3, 0, 0, -1), (4, 0, 0, -1)}	81/11	(1/27, 1/9, 11/81, 1/3, 1)
264960	(2, 0, 0, -1)	{(0, 0, 0, 0), (1, 0, 0, -1), (2, 0, 0, -1), (3, 0, 0, -1)}	9/11	(1/3, 1, 11/9, 3)
265440	(0, 0, 0, -1)	{(0, 0, 0, -1), (0, 0, 0, 0), (1, 0, 0, -1), (2, 0, 0, -1), (3, 0, 0, -1), (4, 0, 0, -1)}	1/11	(1, 3, 9, 11, 27, 81)
266400	(-1, 0, 0, 0)	{(-2, 0, 0, 1), (-1, 0, 0, 0), (0, 0, 0, 0)}	1/3	(1, 3, 11/3)
267360	(1, 0, 0, 0)	{(-2, 0, 0, 1), (0, 0, 0, 0), (1, 0, 0, 0), (2, 0, 0, 0)}	3	(1/3, 11/27, 1, 3)
268320	(2, 0, 0, -1)	{(1, 0, 0, 0), (2, 0, 0, -1), (3, 0, 0, -1), (4, 0, 0, -1)}	9/11	(1, 3, 11/3, 9)
