标准音：C4 = 220*2^(1/4) Hz ≈ 261.63 Hz

时刻	格子图（低音）	格子图（和弦）	功能式	和弦图（和弦）	注释
5760	(0, 0, 0, 0)	{(-1, 0, 0, 1), (0, 0, 0, 0), (1, 0, 0, 0)}		(1, 3, 11/3)
7680	(0, 0, 0, 0)	{(-1, 0, 0, 1), (0, 0, 0, 0), (1, 0, 0, 0), (2, 0, 0, 0)}	0,
9600	(-1, 0, 0, 0)	{(-2, 0, 0, 1), (-1, 0, 0, 0), (0, 0, 0, 0), (1, 0, 0, 0)}	-1,
10320	(1, 0, 0, 0)	{(0, 0, 0, 0), (1, 0, 0, 0), (2, 0, 0, 0)}	1\0c,
11520	(0, 0, 0, 0)	{(-1, 0, 0, 1), (0, 0, 0, 0), (1, 0, 0, 0), (2, 0, 0, 0)}	0,
13440	(-3, 0, 0, 1)	{(-4, 0, 0, 2), (-3, 0, 0, 1), (-2, 0, 0, 1), (-1, 0, 0, 1)}	-1;,
14160	(1, 0, 0, 0)	{(-1, 0, 0, 1), (0, 0, 0, 0), (1, 0, 0, 0), (2, 0, 0, 0)}	1\0,
15360	(-2, 0, 0, 1)	{(-3, 0, 0, 2), (-2, 0, 0, 1), (-1, 0, 0, 1), (0, 0, 0, 1)}	0;,
17280	(-3, 0, 0, 1)	{(-4, 0, 0, 2), (-3, 0, 0, 1), (-2, 0, 0, 1), (-1, 0, 0, 1)}	-1;,
18000	(1, 0, 0, 0)	{(-1, 0, 0, 1), (0, 0, 0, 0), (1, 0, 0, 0), (2, 0, 0, 0)}	1\0,
19200	(0, 0, 0, 0)	{(0, 0, 0, 0), (0, 0, 0, 1), (1, 0, 0, 0), (2, 0, 0, 0)}	0c,'
21120	(-2, 0, 0, 1)	{(-3, 0, 0, 2), (-2, 0, 0, 1), (-1, 0, 0, 1), (0, 0, 0, 1)}	0;,
21840	(-3, 0, 0, 1)	{(-3, 0, 0, 1), (-3, 0, 0, 2), (-2, 0, 0, 1), (-1, 0, 0, 1), (0, 0, 0, 1)}	-1c;,',
22680	(-1, 0, 0, 1)	{(-3, 0, 0, 2), (-2, 0, 0, 1), (-1, 0, 0, 1), (0, 0, 0, 1)}	1;\0;,
23040	(0, 0, 0, 0)	{(-1, 0, 0, 1), (0, 0, 0, 0), (1, 0, 0, 0), (2, 0, 0, 0)}	0,
23760	(-1, 0, 0, 0)	{(-2, 0, 0, 1), (-1, 0, 0, 0), (0, 0, 0, 0), (1, 0, 0, 0)}	-1,
24240	(-2, 0, 0, 0)	{(-3, 0, 0, 1), (-2, 0, 0, 0), (-1, 0, 0, 0), (0, 0, 0, 0)}	-2,
24720	(-3, 0, 0, 0)	{(-4, 0, 0, 1), (-3, 0, 0, 0), (-2, 0, 0, 0), (-1, 0, 0, 0)}	-3,
25680	(-1, 0, 0, 0)	{(-2, 0, 0, 1), (-1, 0, 0, 0), (0, 0, 0, 0), (1, 0, 0, 0)}	-1,
26880	(0, 0, 0, 0)	{(-1, 0, 0, 1), (0, 0, 0, 0), (1, 0, 0, 0), (2, 0, 0, 0)}	0,
27600	(-1, 0, 0, 0)	{(-2, 0, 0, 1), (-1, 0, 0, 0), (0, 0, 0, 0), (1, 0, 0, 0)}	-1,
28080	(-2, 0, 0, 0)	{(-3, 0, 0, 1), (-2, 0, 0, 0), (-1, 0, 0, 0), (0, 0, 0, 0)}	-2,
28560	(-3, 0, 0, 0)	{(-4, 0, 0, 1), (-3, 0, 0, 0), (-2, 0, 0, 0), (-1, 0, 0, 0)}	-3,
29520	(-1, 0, 0, 0)	{(-2, 0, 0, 1), (-1, 0, 0, 0), (0, 0, 0, 0), (1, 0, 0, 0)}	-1,
30720	(0, 0, 0, 0)	{(-1, 0, 0, 1), (0, 0, 0, 0), (1, 0, 0, 0), (2, 0, 0, 0)}	0,
32640	(-1, 0, 0, 0)	{(-2, 0, 0, 1), (-1, 0, 0, 0), (0, 0, 0, 0), (1, 0, 0, 0)}	-1,
34560	(-3, 0, 0, 1)	{(-4, 0, 0, 2), (-3, 0, 0, 1), (-2, 0, 0, 1), (-1, 0, 0, 1)}	-1;,
38400	(2, 0, 0, -1)	{(1, 0, 0, 0), (2, 0, 0, -1), (3, 0, 0, -1), (4, 0, 0, -1)}	0:,	↑[音差泵] Dachykrama (rastma) 243/242
40320	(1, 0, 0, -1)	{(0, 0, 0, 0), (1, 0, 0, -1), (2, 0, 0, -1), (3, 0, 0, -1)}	-1:,
41040	(3, 0, 0, -1)	{(1, 0, 0, 0), (2, 0, 0, -1), (3, 0, 0, -1), (4, 0, 0, -1)}	1:\0:,
42240	(0, 0, 0, 0)	{(0, 0, 0, 0), (1, 0, 0, 0), (2, 0, 0, 0)}	0c,
42960	(-1, 0, 0, 0)	{(-2, 0, 0, 1), (-1, 0, 0, 0), (0, 0, 0, 0), (1, 0, 0, 0)}	-1,
44160	(-3, 0, 0, 1)	{(-4, 0, 0, 2), (-3, 0, 0, 1), (-2, 0, 0, 1), (-1, 0, 0, 1)}	-1;,
44160	(2, 0, 0, -1)	{(1, 0, 0, 0), (2, 0, 0, -1), (3, 0, 0, -1), (4, 0, 0, -1)}	0:,	↑[音差泵] Dachykrama (rastma) 243/242
44880	(-2, 0, 0, 1)	{(-3, 0, 0, 2), (-2, 0, 0, 1), (-1, 0, 0, 1), (0, 0, 0, 1)}	0;,	↓[音差泵] Dachykrama (rastma) 243/242
44880	(3, 0, 0, -1)	{(2, 0, 0, 0), (3, 0, 0, -1), (4, 0, 0, -1), (5, 0, 0, -1)}	1:,
46080	(0, 0, 0, 0)	{(0, 0, 0, 0), (1, 0, 0, 0), (2, 0, 0, 0)}	0c,
46800	(-1, 0, 0, 0)	{(-2, 0, 0, 1), (-1, 0, 0, 0), (0, 0, 0, 0), (1, 0, 0, 0)}	-1,
48000	(-3, 0, 0, 1)	{(-4, 0, 0, 2), (-3, 0, 0, 1), (-2, 0, 0, 1), (-1, 0, 0, 1)}	-1;,
48000	(2, 0, 0, -1)	{(1, 0, 0, 0), (2, 0, 0, -1), (3, 0, 0, -1), (4, 0, 0, -1)}	0:,	↑[音差泵] Dachykrama (rastma) 243/242
48720	(-2, 0, 0, 1)	{(-3, 0, 0, 2), (-2, 0, 0, 1), (-1, 0, 0, 1), (0, 0, 0, 1)}	0;,	↓[音差泵] Dachykrama (rastma) 243/242
48720	(3, 0, 0, -1)	{(2, 0, 0, 0), (3, 0, 0, -1), (4, 0, 0, -1), (5, 0, 0, -1)}	1:,
49920	(0, 0, 0, 0)	{(-1, 0, 0, 1), (0, 0, 0, 0), (1, 0, 0, 0)}	0
50640	(-1, 0, 0, 0)	{(-2, 0, 0, 1), (-1, 0, 0, 0), (0, 0, 0, 0), (1, 0, 0, 0)}	-1,
51120	(-2, 0, 0, 0)	{(-3, 0, 0, 1), (-2, 0, 0, 0), (-1, 0, 0, 0), (0, 0, 0, 0)}	-2,
51600	(-4, 0, 0, 1)	{(-5, 0, 0, 2), (-4, 0, 0, 1), (-3, 0, 0, 1), (-2, 0, 0, 1)}	-2;,
51600	(1, 0, 0, -1)	{(0, 0, 0, 0), (1, 0, 0, -1), (2, 0, 0, -1), (3, 0, 0, -1)}	-1:,	↑[音差泵] Dachykrama (rastma) 243/242
53040	(-2, 0, 0, 1)	{(-5, 0, 0, 2), (-4, 0, 0, 1), (-3, 0, 0, 1), (-2, 0, 0, 1)}	0;\-2;,	↓[音差泵] Dachykrama (rastma) 243/242
53040	(3, 0, 0, -1)	{(0, 0, 0, 0), (1, 0, 0, -1), (2, 0, 0, -1), (3, 0, 0, -1)}	1:\-1:,
53760	(0, 0, 0, 0)	{(-1, 0, 0, 1), (0, 0, 0, 0), (1, 0, 0, 0)}	0
54480	(-1, 0, 0, 0)	{(-2, 0, 0, 1), (-1, 0, 0, 0), (0, 0, 0, 0), (1, 0, 0, 0)}	-1,
54960	(-2, 0, 0, 0)	{(-3, 0, 0, 1), (-2, 0, 0, 0), (-1, 0, 0, 0), (0, 0, 0, 0)}	-2,
55440	(-4, 0, 0, 1)	{(-5, 0, 0, 2), (-4, 0, 0, 1), (-3, 0, 0, 1), (-2, 0, 0, 1)}	-2;,
55440	(1, 0, 0, -1)	{(0, 0, 0, 0), (1, 0, 0, -1), (2, 0, 0, -1), (3, 0, 0, -1)}	-1:,	↑[音差泵] Dachykrama (rastma) 243/242
56880	(-2, 0, 0, 1)	{(-5, 0, 0, 2), (-4, 0, 0, 1), (-3, 0, 0, 1), (-2, 0, 0, 1)}	0;\-2;,	↓[音差泵] Dachykrama (rastma) 243/242
56880	(3, 0, 0, -1)	{(0, 0, 0, 0), (1, 0, 0, -1), (2, 0, 0, -1), (3, 0, 0, -1)}	1:\-1:,
57600	(0, 0, 0, 0)	{(-1, 0, 0, 1), (0, 0, 0, 0), (1, 0, 0, 0), (2, 0, 0, 0)}	0,
59520	(-1, 0, 0, 0)	{(-2, 0, 0, 1), (-1, 0, 0, 0), (0, 0, 0, 0), (1, 0, 0, 0)}	-1,
61440	(-3, 0, 0, 1)	{(-4, 0, 0, 2), (-3, 0, 0, 1), (-2, 0, 0, 1), (-1, 0, 0, 1)}	-1;,
61440	(2, 0, 0, -1)	{(1, 0, 0, 0), (2, 0, 0, -1), (3, 0, 0, -1), (4, 0, 0, -1)}	0:,	↑[音差泵] Dachykrama (rastma) 243/242
63360	(-4, 0, 0, 1)	{(-5, 0, 0, 2), (-4, 0, 0, 1), (-3, 0, 0, 1), (-2, 0, 0, 1)}	-2;,	↓[音差泵] Dachykrama (rastma) 243/242
63360	(1, 0, 0, -1)	{(0, 0, 0, 0), (1, 0, 0, -1), (2, 0, 0, -1), (3, 0, 0, -1)}	-1:,
65280	(0, 0, 0, 0)	{(-1, 0, 0, 1), (0, 0, 0, 0), (1, 0, 0, 0), (2, 0, 0, 0)}	0,
67200	(-1, 0, 0, 0)	{(-1, 0, 0, 0), (0, 0, 0, 0), (1, 0, 0, 0)}	-1c,
67920	(1, 0, 0, 0)	{(0, 0, 0, 0), (1, 0, 0, 0), (2, 0, 0, 0)}	1\0c,
69120	(-2, 0, 0, 1)	{(-3, 0, 0, 2), (-2, 0, 0, 1), (-1, 0, 0, 1), (0, 0, 0, 1)}	0;,
71040	(-3, 0, 0, 1)	{(-4, 0, 0, 2), (-3, 0, 0, 1), (-2, 0, 0, 1), (-1, 0, 0, 1)}	-1;,
71760	(-1, 0, 0, 1)	{(-3, 0, 0, 2), (-2, 0, 0, 1), (-1, 0, 0, 1), (0, 0, 0, 1)}	1;\0;,
72960	(0, 0, 0, 0)	{(-1, 0, 0, 1), (0, 0, 0, 0), (1, 0, 0, 0), (2, 0, 0, 0)}	0,
73680	(-2, 0, 0, 1)	{(-3, 0, 0, 2), (-2, 0, 0, 1), (-1, 0, 0, 1), (0, 0, 0, 1)}	0;,
74880	(-3, 0, 0, 1)	{(-4, 0, 0, 2), (-3, 0, 0, 1), (-2, 0, 0, 1), (-1, 0, 0, 1)}	-1;,
75600	(-1, 0, 0, 0)	{(-2, 0, 0, 1), (-1, 0, 0, 0), (0, 0, 0, 0), (1, 0, 0, 0)}	-1,
76800	(0, 0, 0, 0)	{(-1, 0, 0, 1), (0, 0, 0, 0), (1, 0, 0, 0), (2, 0, 0, 0)}	0,
77520	(-2, 0, 0, 1)	{(-3, 0, 0, 2), (-2, 0, 0, 1), (-1, 0, 0, 1), (0, 0, 0, 1)}	0;,
78720	(-3, 0, 0, 1)	{(-4, 0, 0, 2), (-3, 0, 0, 1), (-2, 0, 0, 1), (-1, 0, 0, 1)}	-1;,
79440	(-1, 0, 0, 0)	{(-2, 0, 0, 1), (-1, 0, 0, 0), (0, 0, 0, 0), (1, 0, 0, 0)}	-1,
80640	(0, 0, 0, 0)	{(0, 0, 0, 0), (0, 0, 0, 1), (1, 0, 0, 0), (2, 0, 0, 0)}	0c,'
81360	(-2, 0, 0, 1)	{(-3, 0, 0, 2), (-2, 0, 0, 1), (-1, 0, 0, 1), (0, 0, 0, 1)}	0;,
81360	(3, 0, 0, -1)	{(2, 0, 0, 0), (3, 0, 0, -1), (4, 0, 0, -1), (5, 0, 0, -1)}	1:,	↑[音差泵] Dachykrama (rastma) 243/242
81840	(-3, 0, 0, 1)	{(-4, 0, 0, 2), (-3, 0, 0, 1), (-2, 0, 0, 1), (-1, 0, 0, 1)}	-1;,
81840	(2, 0, 0, -1)	{(1, 0, 0, 0), (2, 0, 0, -1), (3, 0, 0, -1), (4, 0, 0, -1)}	0:,	↑[音差泵] Dachykrama (rastma) 243/242
82320	(-4, 0, 0, 1)	{(-4, 0, 0, 1), (-4, 0, 0, 2), (-3, 0, 0, 1), (-2, 0, 0, 1)}	-2c;,'	↓[音差泵] Dachykrama (rastma) 243/242
82320	(1, 0, 0, -1)	{(1, 0, 0, -1), (1, 0, 0, 0), (2, 0, 0, -1), (3, 0, 0, -1)}	-1c:,'
83760	(-2, 0, 0, 1)	{(-3, 0, 0, 1), (-2, 0, 0, 1), (-1, 0, 0, 1)}	0;\-1c;,	↓[音差泵] Dachykrama (rastma) 243/242
83760	(3, 0, 0, -1)	{(2, 0, 0, -1), (3, 0, 0, -1), (4, 0, 0, -1)}	1:\0c:,
84480	(0, 0, 0, 0)	{(0, 0, 0, 0), (0, 0, 0, 1), (1, 0, 0, 0), (2, 0, 0, 0)}	0c,'
85200	(-2, 0, 0, 1)	{(-3, 0, 0, 2), (-2, 0, 0, 1), (-1, 0, 0, 1), (0, 0, 0, 1)}	0;,
85200	(3, 0, 0, -1)	{(2, 0, 0, 0), (3, 0, 0, -1), (4, 0, 0, -1), (5, 0, 0, -1)}	1:,	↑[音差泵] Dachykrama (rastma) 243/242
85680	(-3, 0, 0, 1)	{(-4, 0, 0, 2), (-3, 0, 0, 1), (-2, 0, 0, 1), (-1, 0, 0, 1)}	-1;,
85680	(2, 0, 0, -1)	{(1, 0, 0, 0), (2, 0, 0, -1), (3, 0, 0, -1), (4, 0, 0, -1)}	0:,	↑[音差泵] Dachykrama (rastma) 243/242
86160	(-4, 0, 0, 1)	{(-4, 0, 0, 1), (-4, 0, 0, 2), (-3, 0, 0, 1), (-2, 0, 0, 1)}	-2c;,'	↓[音差泵] Dachykrama (rastma) 243/242
86160	(1, 0, 0, -1)	{(1, 0, 0, -1), (1, 0, 0, 0), (2, 0, 0, -1), (3, 0, 0, -1)}	-1c:,'
87600	(-2, 0, 0, 1)	{(-3, 0, 0, 1), (-2, 0, 0, 1), (-1, 0, 0, 1)}	0;\-1c;,	↓[音差泵] Dachykrama (rastma) 243/242
87600	(3, 0, 0, -1)	{(2, 0, 0, -1), (3, 0, 0, -1), (4, 0, 0, -1)}	1:\0c:,
88320	(0, 0, 0, 0)	{(-1, 0, 0, 1), (0, 0, 0, 0), (1, 0, 0, 0), (2, 0, 0, 0)}	0,
94080	(0, 0, 0, 0)	{(0, 0, 0, 0), (0, 0, 1, 0), (1, 0, 0, 0)}		(1, 3, 7)
96000	(0, 0, 0, 0)	{(0, 0, 0, 0), (0, 0, 1, 0), (1, 0, 0, 0), (2, 0, 0, 0)}	0,
97920	(-1, 0, 0, 0)	{(-1, 0, 0, 0), (-1, 0, 1, 0), (0, 0, 0, 0), (1, 0, 0, 0)}	-1,
98640	(1, 0, 0, 0)	{(0, 0, 0, 0), (1, 0, 0, 0), (1, 0, 1, 0), (2, 0, 0, 0)}	1+0
99840	(0, 0, 0, 0)	{(0, 0, 0, 0), (0, 0, 1, 0), (0, 1, 0, 0), (1, 0, 0, 0), (2, 0, 0, 0)}	0,+Ly
101760	(-1, 0, 0, 0)	{(-1, 0, 0, 0), (-1, 0, 1, 0), (-1, 1, 0, 0), (0, 0, 0, 0), (1, 0, 0, 0)}	-1,+Ly
102480	(1, 0, 0, 0)	{(0, 0, 1, 0), (1, 0, 0, 0), (1, 0, 1, 0), (1, 1, 0, 0), (2, 0, 0, 0)}	'1+Ly
103680	(0, 0, 0, 0)	{(-1, 0, 1, 0), (0, 0, 0, 0), (0, 0, 1, 0), (1, 0, 0, 0)}	'0 (0v)
105600	(-1, 0, 0, 0)	{(-2, 0, 1, 0), (-1, 0, 0, 0), (-1, 0, 1, 0), (0, 0, 0, 0)}	'-1 (-1v)
106320	(1, 0, 0, 0)	{(0, 0, 1, 0), (1, 0, 0, 0), (1, 0, 1, 0), (2, 0, 0, 0)}	'1 (1v)
107520	(0, 0, 0, 0)	{(-2, 0, 1, 0), (0, 0, 0, 0), (0, 0, 1, 0), (0, 1, 0, 0), (1, 0, 0, 0)}	0+`-1+Ly
109440	(-1, 0, 0, 0)	{(-1, 0, 0, 0), (-1, 0, 1, 0), (-1, 1, 0, 0), (0, 0, 0, 0), (1, 0, 0, 0)}	-1,+Ly
110160	(1, 0, 0, 0)	{(-1, 0, 1, 0), (0, 0, 1, 0), (1, 0, 0, 0), (1, 0, 1, 0), (1, 1, 0, 0)}	'1b+`0+Ly
111360	(0, 0, 0, 0)	{(0, 0, 0, 0), (0, 0, 1, 0), (1, 0, 0, 0), (2, 0, 0, 0)}	0,
112080	(-1, 0, 0, 0)	{(-1, 0, 0, 0), (-1, 0, 1, 0), (0, 0, 0, 0), (0, 0, 1, 0), (1, 0, 0, 0)}	-1,'
113280	(-2, 0, 1, 0)	{(-2, 0, 1, 0), (-2, 0, 2, 0), (-1, 0, 1, 0), (0, 0, 1, 0)}	-1;,
114000	(1, 0, 0, 0)	{(0, 0, 1, 0), (1, 0, 0, 0), (1, 0, 1, 0), (2, 0, 0, 0)}	'1
115200	(0, 0, 0, 0)	{(0, 0, 0, 0), (0, 0, 1, 0), (1, 0, 0, 0), (2, 0, 0, 0)}	0,
115920	(-1, 0, 0, 0)	{(-1, 0, 0, 0), (-1, 0, 1, 0), (0, 0, 0, 0), (1, 0, 0, 0)}	-1,
116400	(-2, 0, 0, 0)	{(-2, 0, 0, 0), (-2, 0, 1, 0), (-1, 0, 0, 0), (0, 0, 0, 0)}	-2,
116880	(-3, 0, 1, 0)	{(-3, 0, 1, 0), (-3, 0, 2, 0), (-2, 0, 1, 0), (-1, 0, 1, 0)}	-2;,
117840	(-1, 0, 1, 0)	{(-1, 0, 1, 0), (0, 0, 1, 0), (0, 0, 2, 0), (1, 0, 1, 0)}	0;\1;
119040	(0, 0, 0, 0)	{(0, 0, 0, 0), (0, 0, 1, 0), (1, 0, 0, 0), (2, 0, 0, 0)}	0,
119760	(-1, 0, 1, 0)	{(-1, 0, 1, 0), (0, 0, 0, 0), (0, 0, 1, 0), (1, 0, 1, 0), (2, 0, 0, 0)}	`0b,'
120960	(-1, 0, 0, 0)	{(-1, 0, 0, 0), (-1, 0, 1, 0), (0, 0, 0, 0), (0, 0, 1, 0), (1, 0, 0, 0)}	-1,'
121680	(1, 0, 0, 0)	{(-1, 0, 0, 0), (0, 0, 0, 0), (0, 0, 1, 0), (1, 0, 0, 0), (2, 0, 0, 0)}	1\-1c,',
122880	(-1, 0, 0, 0)	{(-1, 0, 0, 0), (-1, 0, 1, 0), (0, 0, 0, 0), (0, 0, 1, 0)}	-1'
123600	(0, 0, 1, 0)	{(-1, 0, 1, 0), (0, 0, 1, 0), (0, 0, 2, 0), (1, 0, 1, 0)}	1;+0;
124800	(-1, 0, 1, 0)	{(-1, 0, 1, 0), (-1, 0, 2, 0), (-1, 1, 1, 0), (0, 0, 1, 0)}	0;+Ly
128640	(-1, 0, 1, 0)	{(-2, 0, 2, 0), (-1, 0, 1, 0), (-1, 0, 2, 0), (0, 0, 1, 0), (1, 0, 1, 0)}	'0;,
132480	(0, 0, 0, 0)	{(-1, 0, 1, 0), (0, 0, 0, 0), (0, 0, 1, 0), (1, 0, 0, 0), (2, 0, 0, 0)}	'0,
136320	(-1, 0, 1, 0)	{(-2, 0, 2, 0), (-1, 0, 1, 0), (-1, 0, 2, 0), (0, 0, 1, 0), (1, 0, 1, 0)}	'0;,
140160	(1, 0, 0, 0)	{(0, 0, 1, 0), (1, 0, 0, 0), (1, 0, 1, 0), (2, 0, 0, 0), (3, 0, 0, 0)}	'1,
144000	(1, 0, 0, 0)	{(1, 0, 0, 0), (1, 0, 1, 0), (2, 0, 0, 0), (3, 0, 0, 0)}	1,
145920	(0, 0, 0, 0)	{(0, 0, 0, 0), (0, 0, 1, 0), (1, 0, 0, 0), (2, 0, 0, 0)}	0,
147120	(1, 0, 0, 0)	{(0, 0, 1, 0), (1, 0, 0, 0), (1, 0, 1, 0), (2, 0, 0, 0)}	'1
147840	(0, 0, 0, 0)	{(-1, 0, 1, 0), (0, 0, 0, 0), (0, 0, 1, 0), (1, 0, 0, 0)}	'0
149040	(-1, 0, 0, 0)	{(-1, 0, 0, 0), (-1, 0, 1, 0), (0, 0, 0, 0), (1, 0, 0, 0)}	-1,
149760	(0, 0, 0, 0)	{(0, 0, 0, 0), (0, 0, 1, 0), (1, 0, 0, 0), (2, 0, 0, 0)}	0,
151680	(1, 0, 0, 0)	{(0, 0, 1, 0), (1, 0, 0, 0), (1, 0, 1, 0), (2, 0, 0, 0)}	'1
153600	(0, 0, 0, 0)	{(-1, 0, 1, 0), (0, 0, 0, 0), (0, 0, 1, 0), (1, 0, 0, 0), (2, 0, 0, 0)}	'0,
154800	(1, 0, 0, 0)	{(0, 0, 1, 0), (1, 0, 0, 0), (1, 0, 1, 0), (2, 0, 0, 0)}	'1
155520	(-1, 0, 0, 0)	{(-1, 0, 0, 0), (-1, 0, 1, 0), (0, 0, 0, 0), (0, 0, 1, 0), (1, 0, 0, 0)}	-1,'
156720	(-1, 0, 0, 0)	{(-2, 0, 1, 0), (-1, 0, 0, 0), (-1, 0, 1, 0), (0, 0, 0, 0)}	'-1
157440	(0, 0, 0, 0)	{(-1, 0, 1, 0), (0, 0, 0, 0), (0, 0, 1, 0), (1, 0, 0, 0)}	'0
159360	(0, 0, 0, 0)	{(0, 0, 0, 0), (0, 0, 1, 0), (1, 0, 0, 0)}	0
160800	(0, 0, 1, 0)	{(0, 0, 0, 0), (0, 0, 1, 0), (1, 0, 0, 0), (1, 0, 1, 0), (2, 0, 0, 0)}	0C,'
161280	(-1, 0, 0, 0)	{(-1, 0, 0, 0), (-1, 0, 1, 0), (0, 0, 0, 0), (1, 0, 0, 0)}	-1,
162720	(1, 0, 0, 0)	{(-1, 0, 0, 0), (0, 0, 1, 0), (1, 0, 0, 0), (2, 0, 0, 0)}	'1c+-1
163200	(0, 0, 0, 0)	{(0, 0, 0, 0), (0, 0, 1, 0), (1, 0, 0, 0)}	0
164640	(0, 0, 1, 0)	{(0, 0, 0, 0), (0, 0, 1, 0), (1, 0, 0, 0), (1, 0, 1, 0), (2, 0, 0, 0)}	0C,'
165120	(-1, 0, 0, 0)	{(-1, 0, 0, 0), (-1, 0, 1, 0), (0, 0, 0, 0), (0, 0, 1, 0)}	-1'
165840	(1, 0, 0, 0)	{(0, 0, 1, 0), (1, 0, 0, 0), (1, 0, 1, 0), (2, 0, 0, 0)}	'1
167040	(0, 0, 0, 0)	{(0, 0, 0, 0), (0, 0, 1, 0), (1, 0, 0, 0)}	0
168480	(1, 0, -1, 0)	{(0, 0, 0, 0), (1, 0, -1, 0), (1, 0, 0, 0), (1, 0, 1, 0), (2, 0, 0, 0)}	0:\0c,'
168960	(-1, 0, 0, 0)	{(-1, 0, 0, 0), (-1, 0, 1, 0), (0, 0, 0, 0), (1, 0, 0, 0)}	-1,
170400	(1, 0, 0, 0)	{(-1, 0, 0, 0), (0, 0, 1, 0), (1, 0, 0, 0), (2, 0, 0, 0)}	'1c+-1
170880	(0, 0, 0, 0)	{(0, 0, 0, 0), (0, 0, 1, 0), (1, 0, 0, 0)}	0
172320	(1, 0, -1, 0)	{(0, 0, 0, 0), (1, 0, -1, 0), (1, 0, 0, 0), (1, 0, 1, 0), (2, 0, 0, 0)}	0:\0c,'
172800	(-1, 0, 0, 0)	{(-1, 0, 0, 0), (-1, 0, 1, 0), (0, 0, 0, 0), (0, 0, 1, 0)}	-1'
173520	(1, 0, 0, 0)	{(0, 0, 1, 0), (1, 0, 0, 0), (1, 0, 1, 0), (2, 0, 0, 0)}	'1
174720	(0, 0, 0, 0)	{(0, 0, 0, 0), (0, 0, 1, 0), (1, 0, 0, 0), (2, 0, 0, 0)}
180480	(0, 0, 0, 0)	{(0, 0, 0, 0), (0, 1, 0, 0), (1, 0, 0, 0)}		(1, 5, 3)
182400	(0, 0, 0, 0)	{(0, 0, 0, 0), (0, 1, 0, 0), (1, 0, 0, 0)}	0
184320	(-1, 0, 0, 0)	{(-1, 0, 0, 0), (-1, 1, 0, 0), (0, 0, 0, 0)}	-1
185040	(1, 0, 0, 0)	{(1, 0, 0, 0), (1, 1, 0, 0), (2, 0, 0, 0)}	1
186240	(-1, 1, 0, 0)	{(-1, 1, 0, 0), (0, 0, 0, 0), (0, 1, 0, 0), (1, 0, 0, 0)}	'0 (0v)
188160	(-2, 1, 0, 0)	{(-2, 1, 0, 0), (-1, 0, 0, 0), (-1, 1, 0, 0), (0, 0, 0, 0)}	'-1 (-1v)
188880	(1, 0, 0, 0)	{(1, 0, 0, 0), (1, 1, 0, 0), (2, 0, 0, 0)}	1
190080	(0, 0, 0, 0)	{(0, 0, 0, 0), (0, 1, 0, 0), (1, 0, 0, 0)}	0
190800	(-1, 1, 0, 0)	{(-1, 1, 0, 0), (0, 0, 0, 0), (0, 1, 0, 0), (1, 0, 0, 0)}	'0 (0v)
192000	(-2, 1, 0, 0)	{(-2, 1, 0, 0), (-1, 0, 0, 0), (-1, 1, 0, 0), (0, 0, 0, 0)}	'-1 (-1v)
192720	(1, 0, 0, 0)	{(1, 0, 0, 0), (1, 1, 0, 0), (2, 0, 0, 0)}	1
193920	(-1, 1, 0, 0)	{(-1, 1, 0, 0), (0, 0, 0, 0), (0, 1, 0, 0), (1, 0, 0, 0)}	'0 (0v)
194640	(-2, 1, 0, 0)	{(-2, 1, 0, 0), (-1, 0, 0, 0), (-1, 1, 0, 0), (0, 0, 0, 0)}	'-1 (-1v)
195840	(1, 0, 0, 0)	{(1, 0, 0, 0), (1, 1, 0, 0), (2, 0, 0, 0)}	1
196560	(0, 0, 0, 0)	{(0, 0, 0, 0), (0, 1, 0, 0), (1, 0, 0, 0)}	0
197760	(-1, 1, 0, 0)	{(-1, 1, 0, 0), (0, 0, 0, 0), (0, 1, 0, 0), (1, 0, 0, 0)}	'0
199680	(-1, 0, 0, 0)	{(-1, 0, 0, 0), (-1, 1, 0, 0), (0, 0, 0, 0)}	-1
200400	(-2, 1, 0, 0)	{(-2, 1, 0, 0), (-2, 2, 0, 0), (-1, 1, 0, 0), (0, 0, 0, 0)}	-1; a-1
201600	(2, 0, 0, 0)	{(0, 0, 0, 0), (2, 0, 0, 0), (2, 1, 0, 0), (3, 0, 0, 0)}	2+0	↑[音差泵] Cvachysama (syntonic comma) 81/80
203520	(1, 0, 0, 0)	{(1, 0, 0, 0), (1, 1, 0, 0), (2, 0, 0, 0)}	1
204240	(0, 0, 0, 0)	{(0, 0, 0, 0), (0, 1, 0, 0), (1, 0, 0, 0)}	0
205440	(-1, 1, 0, 0)	{(-1, 1, 0, 0), (0, 0, 0, 0), (0, 1, 0, 0), (1, 0, 0, 0)}	'0
207360	(-1, 0, 0, 0)	{(-1, 0, 0, 0), (-1, 1, 0, 0), (0, 0, 0, 0)}	-1
209280	(1, 0, 0, 0)	{(1, 0, 0, 0), (1, 1, 0, 0), (2, 0, 0, 0)}	1
211200	(0, 1, 0, 0)	{(0, 1, 0, 0), (0, 2, 0, 0), (1, 1, 0, 0), (2, 0, 0, 0)}	1; a1
211200	(0, 1, 0, 0)	{(-2, 1, 0, 0), (0, 1, 0, 0), (0, 2, 0, 0), (1, 1, 0, 0)}	1;+-1;	↑[音差泵] Cvachysama (syntonic comma) 81/80
213120	(-1, 1, 0, 0)	{(-1, 1, 0, 0), (0, 0, 0, 0), (0, 1, 0, 0), (1, 0, 0, 0)}	'0
215040	(-1, 0, 0, 0)	{(-1, 0, 0, 0), (-1, 1, 0, 0), (0, 0, 0, 0)}	-1
215760	(-2, 1, 0, 0)	{(-2, 1, 0, 0), (-2, 2, 0, 0), (-1, 1, 0, 0), (0, 0, 0, 0)}	-1; a-1
215760	(2, 0, 0, 0)	{(0, 0, 0, 0), (2, 0, 0, 0), (2, 1, 0, 0), (3, 0, 0, 0)}	2+0	↑[音差泵] Cvachysama (syntonic comma) 81/80
216960	(1, 0, 0, 0)	{(1, 0, 0, 0), (1, 1, 0, 0), (2, 0, 0, 0)}	1
218880	(0, 1, 0, 0)	{(0, 1, 0, 0), (0, 2, 0, 0), (1, 1, 0, 0), (2, 0, 0, 0)}	1; a1
218880	(0, 1, 0, 0)	{(-2, 1, 0, 0), (0, 1, 0, 0), (0, 2, 0, 0), (1, 1, 0, 0)}	1;+-1;	↑[音差泵] Cvachysama (syntonic comma) 81/80
219600	(-1, 1, 0, 0)	{(-1, 1, 0, 0), (0, 0, 0, 0), (0, 1, 0, 0), (1, 0, 0, 0)}	'0
220800	(-1, 0, 0, 0)	{(-1, 0, 0, 0), (-1, 1, 0, 0), (0, 0, 0, 0)}	-1
221520	(1, 0, 0, 0)	{(1, 0, 0, 0), (1, 1, 0, 0), (2, 0, 0, 0)}	1
222720	(0, 1, 0, 0)	{(0, 1, 0, 0), (1, 0, 0, 0), (1, 1, 0, 0), (2, 0, 0, 0)}	'1
223440	(-1, 1, 0, 0)	{(-1, 1, 0, 0), (0, 0, 0, 0), (0, 1, 0, 0), (1, 0, 0, 0)}	'0
224640	(-2, 1, 0, 0)	{(-2, 1, 0, 0), (-1, 0, 0, 0), (-1, 1, 0, 0), (0, 0, 0, 0)}	'-1
225360	(1, 0, 0, 0)	{(1, 0, 0, 0), (1, 1, 0, 0), (2, 0, 0, 0)}	1
226560	(0, 1, 0, 0)	{(0, 1, 0, 0), (0, 2, 0, 0), (1, 1, 0, 0), (2, 0, 0, 0)}	1; a1
226560	(0, 1, 0, 0)	{(-2, 1, 0, 0), (0, 1, 0, 0), (0, 2, 0, 0), (1, 1, 0, 0)}	1;+-1;	↑[音差泵] Cvachysama (syntonic comma) 81/80
227280	(-1, 1, 0, 0)	{(-1, 1, 0, 0), (-1, 2, 0, 0), (0, 1, 0, 0), (1, 0, 0, 0)}	0; a0
228480	(-1, 0, 0, 0)	{(-1, 0, 0, 0), (-1, 1, 0, 0), (0, 0, 0, 0), (0, 1, 0, 0)}	-1'
230400	(0, 1, 0, 0)	{(0, 1, 0, 0), (0, 2, 0, 0), (1, 1, 0, 0), (2, 0, 0, 0)}	1; a1
230400	(0, 1, 0, 0)	{(-2, 1, 0, 0), (0, 1, 0, 0), (0, 2, 0, 0), (1, 1, 0, 0)}	1;+-1;	↑[音差泵] Cvachysama (syntonic comma) 81/80
232320	(-1, 1, 0, 0)	{(-1, 1, 0, 0), (0, 0, 0, 0), (0, 1, 0, 0), (1, 0, 0, 0)}	'0
234240	(0, 0, 0, 0)	{(-2, 0, 0, 0), (0, 0, 0, 0), (0, 1, 0, 0), (1, 0, 0, 0)}	0+-2
236160	(-2, 1, 0, 0)	{(-2, 1, 0, 0), (-1, 0, 0, 0), (-1, 1, 0, 0), (0, 0, 0, 0)}	'-1
236520	(0, 1, 0, 0)	{(0, 1, 0, 0), (1, 0, 0, 0), (1, 1, 0, 0), (2, 0, 0, 0)}	'1
236880	(-1, 0, 0, 0)	{(-1, 0, 0, 0), (0, 0, 0, 0), (0, 1, 0, 0), (1, 0, 0, 0)}	-1\0
237600	(-1, 0, 0, 0)	{(-1, 0, 0, 0), (0, -1, 0, 0), (0, 0, 0, 0), (1, -1, 0, 0)}	'-1:
237960	(1, 0, 0, 0)	{(1, 0, 0, 0), (2, -1, 0, 0), (2, 0, 0, 0), (3, -1, 0, 0)}	'1:
238320	(0, -1, 0, 0)	{(0, -1, 0, 0), (1, -1, 0, 0), (1, 0, 0, 0), (2, -1, 0, 0)}	-1:\0:
239040	(1, -1, 0, 0)	{(1, -1, 0, 0), (2, -1, 0, 0), (2, 0, 0, 0), (3, -1, 0, 0)}	0:\1:
239400	(2, -1, 0, 0)	{(0, -1, 0, 0), (0, 0, 0, 0), (1, -1, 0, 0), (2, -1, 0, 0)}	1:\-1:
240000	(0, 0, 0, 0)	{(0, 0, 0, 0), (1, 0, 0, 0), (1, 1, 0, 0), (2, 0, 0, 0)}	0c,'
240720	(-1, 2, 0, 0)	{(-1, 0, 0, 0), (-1, 1, 0, 0), (-1, 2, 0, 0), (1, 1, 0, 0)}	0bC;,+-1
241200	(-2, 1, 0, 0)	{(-2, 1, 0, 0), (-1, 0, 0, 0), (0, -1, 0, 0), (0, 0, 0, 0), (1, 0, 0, 0)}	'-1c,+-1:
241680	(0, 1, 0, 0)	{(0, 0, 0, 0), (0, 1, 0, 0), (1, 0, 0, 0), (2, 0, 0, 0)}	0C,
242640	(-1, 1, 0, 0)	{(-1, 1, 0, 0), (1, 0, 0, 0), (1, 1, 0, 0), (2, 0, 0, 0)}	'0\1
243120	(-1, 2, 0, 0)	{(-1, 1, 0, 0), (-1, 2, 0, 0), (1, 0, 0, 0), (1, 1, 0, 0), (1, 2, 0, 0)}	0bC;,*'+1
243840	(-2, 1, 0, 0)	{(-2, 1, 0, 0), (-1, 0, 0, 0), (0, 0, 0, 0), (0, 1, 0, 0), (1, 0, 0, 0)}	'-1c,'
244560	(0, 1, 0, 0)	{(0, 0, 0, 0), (0, 1, 0, 0), (0, 2, 0, 0), (1, 0, 0, 0), (2, 0, 0, 0)}	1b; 0,
245040	(-2, 0, 0, 0)	{(-2, 0, 0, 0), (-2, 1, 0, 0), (0, 1, 0, 0), (0, 2, 0, 0)}	1b;+-1;/Schus
245520	(-1, 1, 0, 0)	{(-1, 1, 0, 0), (0, 1, 0, 0), (1, 0, 0, 0), (1, 1, 0, 0), (2, 0, 0, 0)}	'0\'1
246480	(0, 0, 0, 0)	{(0, 0, 0, 0), (1, 0, 0, 0), (2, -1, 0, 0), (2, 0, 0, 0), (3, -1, 0, 0)}	'0:\'1: ⇒ '0\'1
246960	(1, 0, 0, 0)	{(0, 0, 0, 0), (0, 1, 0, 0), (1, -1, 0, 0), (1, 0, 0, 0), (2, -1, 0, 0)}	1;\0; 0
247680	(-1, 0, 0, 0)	{(-1, 0, 0, 0), (0, -1, 0, 0), (0, 0, 0, 0), (1, 0, 0, 0)}	'-1b'
248400	(1, 0, 0, 0)	{(0, -1, 0, 0), (1, -1, 0, 0), (1, 0, 0, 0), (1, 1, 0, 0)}	1b; -1c
248880	(1, -2, 0, 0)	{(1, -2, 0, 0), (1, -1, 0, 0), (2, -1, 0, 0), (3, -1, 0, 0)}	-1b:''
249360	(0, 0, 0, 0)	{(0, 0, 0, 0), (1, 0, 0, 0), (2, -1, 0, 0), (2, 0, 0, 0), (3, -1, 0, 0)}	'0\'1
250320	(2, -2, 0, 0)	{(0, -2, 0, 0), (0, -1, 0, 0), (0, 0, 0, 0), (2, -2, 0, 0), (2, -1, 0, 0)}	0b:+-2: -1b
250800	(2, -2, 0, 0)	{(0, -1, 0, 0), (1, -1, 0, 0), (2, -2, 0, 0), (2, -1, 0, 0)}	0b: -1c
251520	(-1, 0, 0, 0)	{(-1, 0, 0, 0), (0, -1, 0, 0), (0, 0, 0, 0), (1, -1, 0, 0)}	'-1
252240	(0, -2, 0, 0)	{(0, -2, 0, 0), (0, -1, 0, 0), (1, -2, 0, 0), (2, -2, 0, 0), (3, -2, 0, 0)}	-2:,,
252960	(1, -1, 0, 0)	{(1, -1, 0, 0), (1, 0, 0, 0), (2, -1, 0, 0), (2, 0, 0, 0), (3, -1, 0, 0)}	0,'
