低音走向	和弦图	组成音	音程值	倍分组成名	注释
!	(1/3, 1, 3, 7, 9)	(2, 19, 26, 35, 9)		AChyScyFuMy《цг🐄̥̈ʲфт🚢̥̈ʲфт🐖̥̈бтў🐖̰̄ʲфт》
7/3	(1/3, 1, 3, 7, 9)	(11, 28, 35, 3, 18)		AChyScyFuMy《цг🐄̥̈ʲфт🚢̥̈ʲфт🐖̥̈бтў🐖̰̄ʲфт》
1/9	(1, 3, 7, 9, 21)	(4, 28, 37, 11, 20)		AChyScyMyChymi《цг🐄̥̈ʲфт🚢̥̈ʲфт🐖̰̄ʲфт🐄̥̈ʲфт🐖̰̄ʲ》
1/3	(1/3, 1, 3, 7, 9)	(21, 38, 4, 13, 28)		AChyScyFuMy《цг🐄̥̈ʲфт🚢̥̈ʲфт🐖̥̈бтў🐖̰̄ʲфт》
9	(1, 3, 7, 9, 21)	(28, 11, 20, 35, 3)		AChyScyMyChymi《цг🐄̥̈ʲфт🚢̥̈ʲфт🐖̰̄ʲфт🐄̥̈ʲфт🐖̰̄ʲ》
1/3	(1, 3, 7, 9, 21)	(4, 28, 37, 11, 20)		AChyScyMyChymi《цг🐄̥̈ʲфт🚢̥̈ʲфт🐖̰̄ʲфт🐄̥̈ʲфт🐖̰̄ʲ》
1/3	(1, 3, 7, 9, 21)	(38, 21, 30, 4, 13)		AChyScyMyChymi《цг🐄̥̈ʲфт🚢̥̈ʲфт🐖̰̄ʲфт🐄̥̈ʲфт🐖̰̄ʲ》	低音走向应为「1/9」？
!	(1, 3, 11/3, 9)	(7, 31, 2, 14)		AChyScyFuzi《цг🐄̥̈ʲфт🚢̥̈ʲфт🐖̥̈бтў🐕̥͋ʲ》
1/3	(1, 3, 9, 11)	(24, 7, 31, 2)		AChyScyZy《цг🐄̥̈ʲфт🚢̥̈ʲфт🐕̥͋ʲфт》
1/3	(1, 3, 11/3, 9)	(0, 24, 36, 7)		AChyScyFuzi《цг🐄̥̈ʲфт🚢̥̈ʲфт🐖̥̈бтў🐕̥͋ʲ》
9/11	(1, 3, 9, 11, 27)	(29, 12, 36, 7, 19)		AChyScyXcyZy《цг🐄̥̈ʲфт🚢̥̈ʲфт🚢̮̈ʲфт🐕̥͋ʲфт》
1/3	(1, 3, 9, 11, 27)	(5, 29, 12, 24, 36)		AChyScyXcyZy《цг🐄̥̈ʲфт🚢̥̈ʲфт🚢̮̈ʲфт🐕̥͋ʲфт》
!	(1/3, 1, 3, 7, 9)	(9, 26, 33, 1, 16)		AChyScyFuMy《цг🐄̥̈ʲфт🚢̥̈ʲфт🐖̥̈бтў🐖̰̄ʲфт》
7/3	(1/3, 1, 3, 7, 9)	(18, 35, 1, 10, 25)		AChyScyFuMy《цг🐄̥̈ʲфт🚢̥̈ʲфт🐖̥̈бтў🐖̰̄ʲфт》
1/9	(1, 3, 7, 9, 21)	(11, 35, 3, 18, 27)		AChyScyMyChymi《цг🐄̥̈ʲфт🚢̥̈ʲфт🐖̰̄ʲфт🐄̥̈ʲфт🐖̰̄ʲ》
1/3	(1/3, 1, 3, 7, 9)	(28, 4, 11, 20, 35)		AChyScyFuMy《цг🐄̥̈ʲфт🚢̥̈ʲфт🐖̥̈бтў🐖̰̄ʲфт》
9	(1, 3, 7, 9, 21)	(35, 18, 27, 1, 10)		AChyScyMyChymi《цг🐄̥̈ʲфт🚢̥̈ʲфт🐖̰̄ʲфт🐄̥̈ʲфт🐖̰̄ʲ》
1/3	(1, 3, 7, 9, 21)	(11, 35, 3, 18, 27)		AChyScyMyChymi《цг🐄̥̈ʲфт🚢̥̈ʲфт🐖̰̄ʲфт🐄̥̈ʲфт🐖̰̄ʲ》
1/3	(1, 3, 7, 9, 21)	(4, 28, 37, 11, 20)		AChyScyMyChymi《цг🐄̥̈ʲфт🚢̥̈ʲфт🐖̰̄ʲфт🐄̥̈ʲфт🐖̰̄ʲ》	低音走向应为「1/9」？
!	(1, 3, 11/3, 9)	(14, 38, 9, 21)		AChyScyFuzi《цг🐄̥̈ʲфт🚢̥̈ʲфт🐖̥̈бтў🐕̥͋ʲ》
1/3	(1, 3, 9, 11)	(31, 14, 38, 9)		AChyScyZy《цг🐄̥̈ʲфт🚢̥̈ʲфт🐕̥͋ʲфт》
1/3	(1, 3, 11/3, 9)	(7, 31, 2, 14)		AChyScyFuzi《цг🐄̥̈ʲфт🚢̥̈ʲфт🐖̥̈бтў🐕̥͋ʲ》
9/11	(1, 3, 9, 11, 27)	(36, 19, 2, 14, 26)		AChyScyXcyZy《цг🐄̥̈ʲфт🚢̥̈ʲфт🚢̮̈ʲфт🐕̥͋ʲфт》
1/3	(1, 3, 9, 11, 27)	(12, 36, 19, 31, 2)		AChyScyXcyZy《цг🐄̥̈ʲфт🚢̥̈ʲфт🚢̮̈ʲфт🐕̥͋ʲфт》
		(17, 0, 24, 36, 7)		AChyScyXcyZy《цг🐄̥̈ʲфт🚢̥̈ʲфт🚢̮̈ʲфт🐕̥͋ʲфт》
		(34, 17, 0, 12, 24)		AChyScyXcyZy《цг🐄̥̈ʲфт🚢̥̈ʲфт🚢̮̈ʲфт🐕̥͋ʲфт》
